date,close,gain,loss,avg_gain,avg_loss,rsi
1,1316.4793770573995,0,0,0,0,0
2,1458.2639339949055,141.78455693750607,0,0,0,0
3,1453.2882887147352,0,4.9756452801702835,0,0,0
4,1513.7340725026586,60.44578378792335,0,0,0,0
5,1449.5039917447616,0,64.23008075789699,0,0,0
6,1409.7748473865715,0,39.72914435819007,0,0,0
7,1415.1506018659009,5.375754479329316,0,0,0,0
8,1531.4413347902018,116.29073292430098,0,0,0,0
9,1380.927132909878,0,150.51420188032375,0,0,0
10,1515.921061032111,134.993928122233,0,0,0,0
11,1587.7035226642906,71.78246163217955,0,0,0,0
12,1520.5670760708474,0,67.13644659344322,0,0,0
13,1673.634776094846,153.06770002399867,0,0,0,0
14,1746.8223098155888,73.18753372074275,0,0,0,0
15,1615.36,0,131.46,54.07,32.72,62.3
16,1563.67,0,51.69,50.2,34.07,59.57
17,1395.57,0,168.1,46.62,43.65,51.65
18,1406.51,10.94,0,44.07,40.53,52.09
19,1493.42,86.91,0,47.13,37.63,55.6
20,1496.56,3.14,0,43.99,34.95,55.73
21,1526.69,30.13,0,43.0,32.45,56.99
22,1604.59,77.9,0,45.49,30.13,60.16
23,1482.31,0,122.28,42.24,36.71,53.5
24,1636.89,154.58,0,50.27,34.09,59.59
25,1646.17,9.27,0,47.34,31.66,59.93
26,1821.04,174.87,0,56.45,29.39,65.76
27,2112.31,291.27,0,73.22,27.3,72.84
28,1729.23,0,383.09,67.99,52.71,56.33
29,2018.74,289.51,0,83.81,48.94,63.13
30,1860.85,0,157.89,77.83,56.73,57.84
31,1763.81,0,97.04,72.27,59.61,54.8
32,1895.52,131.71,0,76.51,55.35,58.03
33,1623.6,0,271.91,71.05,70.82,50.08
34,1745.88,122.28,0,74.71,65.76,53.19
35,1615.26,0,130.62,69.37,70.39,49.64
36,1818.26,203.0,0,78.92,65.36,54.7
37,1740.92,0,77.34,73.28,66.22,52.53
38,1737.67,0,3.25,68.05,61.72,52.44
39,1715.67,0,22.0,63.18,58.88,51.76
40,1618.08,0,97.59,58.67,61.65,48.76
41,1657.06,38.97,0,57.26,57.25,50.01
42,1832.52,175.46,0,65.71,53.16,55.28
43,1861.49,28.97,0,63.08,49.36,56.1
44,2036.2,174.71,0,71.06,45.83,60.79
45,1922.62,0,113.58,65.98,50.67,56.56
46,2117.68,195.06,0,75.2,47.05,61.51
47,2163.99,46.31,0,73.14,43.69,62.6
48,1992.53,0,171.46,67.91,52.82,56.25
49,1827.4,0,165.13,63.06,60.84,50.9
50,1998.02,170.62,0,70.75,56.5,55.6
51,1938.9,0,59.12,65.69,56.68,53.68
52,1953.22,14.33,0,62.02,52.63,54.09
53,1992.39,39.16,0,60.39,48.87,55.27
54,2103.83,111.44,0,64.04,45.38,58.52
55,2021.61,0,82.22,59.46,48.01,55.33
56,2204.12,182.51,0,68.25,44.59,60.49
57,2054.38,0,149.74,63.38,52.1,54.88
58,1875.01,0,179.37,58.85,61.19,49.03
59,2049.27,174.26,0,67.09,56.82,54.15
60,2092.52,43.24,0,65.39,52.76,55.35
61,1987.97,0,104.55,60.72,56.46,51.82
62,2075.5,87.54,0,62.63,52.43,54.44
63,2009.9,0,65.6,58.16,53.37,52.15
64,1953.2,0,56.7,54.01,53.6,50.19
65,1817.22,0,135.98,50.15,59.49,45.74
66,2014.7,197.48,0,60.67,55.24,52.34
67,1853.62,0,161.09,56.34,62.8,47.29
68,1799.66,0,53.96,52.31,62.17,45.7
69,1688.19,0,111.46,48.58,65.69,42.51
70,1857.05,168.86,0,57.17,61.0,48.38
71,1714.48,0,142.57,53.09,66.82,44.27
72,1835.78,121.3,0,57.96,62.05,48.29
73,1824.28,0,11.5,53.82,58.44,47.94
74,1773.89,0,50.38,49.97,57.86,46.34
75,1807.64,33.75,0,48.82,53.73,47.6
76,1680.07,0,127.57,45.33,59.01,43.45
77,1541.04,0,139.03,42.09,64.72,39.41
78,1470.38,0,70.65,39.08,65.15,37.5
79,1514.75,44.36,0,39.46,60.49,39.48
80,1534.56,19.82,0,38.06,56.17,40.39
81,1541.98,7.42,0,35.87,52.16,40.75
82,1563.62,21.64,0,34.85,48.43,41.85
83,1436.53,0,127.09,32.36,54.05,37.45
84,1543.82,107.28,0,37.71,50.19,42.9
85,1528.23,0,15.58,35.02,47.72,42.33
86,1482.74,0,45.49,32.52,47.56,40.61
87,1641.57,158.84,0,41.54,44.16,48.47
88,1598.04,0,43.53,38.57,44.12,46.65
89,1398.58,0,199.47,35.82,55.21,39.35
90,1471.75,73.18,0,38.49,51.27,42.88
91,1518.07,46.32,0,39.05,47.61,45.06
92,1507.4,0,10.67,36.26,44.97,44.64
93,1406.14,0,101.26,33.67,48.99,40.73
94,1409.57,3.43,0,31.51,45.49,40.92
95,1464.68,55.11,0,33.19,42.24,44.0
96,1347.73,0,116.95,30.82,47.58,39.31
97,1247.18,0,100.55,28.62,51.36,35.78
98,1079.72,0,167.47,26.58,59.65,30.82
99,1213.86,134.14,0,34.26,55.39,38.21
100,1147.84,0,66.02,31.81,56.15,36.17
101,1180.49,32.64,0,31.87,52.14,37.94
102,1133.46,0,47.02,29.6,51.78,36.37
103,1243.62,110.15,0,35.35,48.08,42.37
104,1145.54,0,98.08,32.82,51.65,38.86
105,1351.52,205.98,0,45.19,47.96,48.51
106,1154.08,0,197.44,41.96,58.64,41.71
107,1073.73,0,80.35,38.97,60.19,39.3
108,1207.73,134.0,0,45.76,55.89,45.02
109,1156.38,0,51.35,42.49,55.56,43.33
110,1255.33,98.95,0,46.52,51.6,47.41
111,1026.77,0,228.56,43.2,64.24,40.21
112,1570.39,543.63,0,78.94,59.65,56.96
113,1236.5,0,333.9,73.3,79.24,48.06
114,1591.11,354.62,0,93.4,73.58,55.94
115,1599.53,8.42,0,87.33,68.32,56.11
116,1867.11,267.58,0,100.2,63.44,61.23
117,1335.04,0,532.07,93.05,96.91,48.98
118,1411.33,76.28,0,91.85,89.99,50.51
119,1127.62,0,283.71,85.29,103.83,45.1
120,1245.3,117.69,0,87.6,96.41,47.61
121,1377.74,132.44,0,90.8,89.53,50.35
122,1407.6,29.87,0,86.45,83.13,50.98
123,1295.15,0,112.45,80.28,85.23,48.5
124,1117.05,0,178.1,74.54,91.86,44.8
125,1214.66,97.61,0,76.19,85.3,47.18
126,1190.31,0,24.36,70.75,80.95,46.64
127,1164.78,0,25.52,65.69,76.99,46.04
128,1353.33,188.54,0,74.47,71.49,51.02
129,1364.29,10.97,0,69.93,66.38,51.3
130,1293.91,0,70.38,64.94,66.67,49.34
131,1457.05,163.14,0,71.95,61.91,53.75
132,1383.95,0,73.11,66.81,62.71,51.59
133,1310.64,0,73.31,62.04,63.46,49.43
134,1625.47,314.83,0,80.1,58.93,57.61
135,1723.77,98.3,0,81.4,54.72,59.8
136,1711.21,0,12.55,75.58,51.71,59.38
137,1524.3,0,186.91,70.18,61.37,53.35
138,1570.15,45.85,0,68.45,56.98,54.57
139,1641.74,71.59,0,68.67,52.91,56.48
140,1755.28,113.54,0,71.88,49.13,59.4
141,1636.73,0,118.55,66.74,54.09,55.23
142,1790.79,154.06,0,72.98,50.23,59.23
143,1753.61,0,37.18,67.77,49.3,57.89
144,1639.21,0,114.4,62.93,53.95,53.84
145,2048.0,408.79,0,87.63,50.09,63.63
146,1897.1,0,150.9,81.37,57.29,58.68
147,1773.5,0,123.6,75.56,62.03,54.92
148,1770.3,0,3.21,70.16,57.83,54.82
149,2011.19,240.9,0,82.36,53.7,60.53
150,1899.59,0,111.61,76.47,57.83,56.94
151,1747.55,0,152.04,71.01,64.56,52.38
152,1834.61,87.06,0,72.16,59.95,54.62
153,1764.68,0,69.93,67.0,60.66,52.48
154,1838.66,73.98,0,67.5,56.33,54.51
155,1918.17,79.51,0,68.36,52.31,56.65
156,1837.36,0,80.81,63.48,54.34,53.88
157,1834.21,0,3.15,58.94,50.69,53.77
158,1798.88,0,35.33,54.73,49.59,52.47
159,1914.26,115.38,0,59.06,46.05,56.19
160,1696.47,0,217.79,54.85,58.31,48.47
161,1719.57,23.1,0,52.58,54.15,49.26
162,1832.37,112.8,0,56.88,50.28,53.08
163,1758.38,0,73.99,52.82,51.98,50.4
164,1856.37,97.99,0,56.04,48.26,53.73
165,1835.12,0,21.25,52.04,46.33,52.9
166,1947.09,111.98,0,56.32,43.02,56.69
167,1973.04,25.94,0,54.15,39.95,57.55
168,1927.8,0,45.24,50.28,40.33,55.49
169,2100.79,172.99,0,59.05,37.45,61.19
170,2080.61,0,20.18,54.83,36.21,60.22
171,2039.26,0,41.35,50.91,36.58,58.19
172,2024.32,0,14.93,47.28,35.04,57.44
173,2184.66,160.33,0,55.35,32.53,62.98
174,2229.05,44.39,0,54.57,30.21,64.37
175,1957.34,0,271.71,50.67,47.46,51.64
176,2012.98,55.64,0,51.03,44.07,53.66
177,1961.58,0,51.4,47.38,44.59,51.52
178,2005.03,43.46,0,47.1,41.41,53.22
179,2035.5,30.47,0,45.91,38.45,54.42
180,1967.6,0,67.9,42.63,40.55,51.25
181,1926.98,0,40.62,39.59,40.56,49.4
182,2048.82,121.85,0,45.46,37.66,54.69
183,2070.16,21.34,0,43.74,34.97,55.57
184,1789.3,0,280.86,40.62,52.54,43.6
185,1836.47,47.17,0,41.08,48.78,45.72
186,1891.86,55.4,0,42.11,45.3,48.17
187,1688.98,0,202.88,39.1,56.55,40.88
188,1630.43,0,58.56,36.31,56.7,39.04
189,1585.41,0,45.01,33.71,55.86,37.64
190,1652.56,67.14,0,36.1,51.87,41.04
191,1711.06,58.5,0,37.7,48.17,43.91
192,1739.52,28.46,0,37.04,44.73,45.3
193,1936.08,196.56,0,48.44,41.53,53.84
194,1803.07,0,133.02,44.98,48.07,48.34
195,1886.22,83.15,0,47.7,44.63,51.66
196,1759.63,0,126.59,44.3,50.49,46.73
197,1831.13,71.5,0,46.24,46.88,49.66
198,1605.32,0,225.81,42.94,59.66,41.85
199,1757.36,152.03,0,50.73,55.4,47.8
200,1695.82,0,61.54,47.11,55.84,45.76
201,1675.14,0,20.68,43.74,53.33,45.06
202,1763.82,88.69,0,46.95,49.52,48.67
203,1733.41,0,30.41,43.6,48.15,47.52
204,1670.41,0,63.0,40.48,49.21,45.13
205,1630.79,0,39.63,37.59,48.53,43.65
206,1763.84,133.06,0,44.41,45.06,49.64
207,1748.84,0,15.01,41.24,42.92,49.0
208,1728.07,0,20.76,38.29,41.33,48.09
209,1910.02,181.94,0,48.55,38.38,55.85
210,1804.5,0,105.52,45.09,43.18,51.08
211,1974.93,170.43,0,54.04,40.09,57.41
212,1818.86,0,156.07,50.18,48.38,50.91
213,1909.64,90.78,0,53.08,44.92,54.16
214,1896.38,0,13.26,49.29,42.66,53.6
215,1947.81,51.42,0,49.44,39.61,55.52
216,1762.66,0,185.14,45.91,50.01,47.86
217,1597.76,0,164.9,42.63,58.21,42.27
218,1624.27,26.51,0,41.48,54.06,43.42
219,1606.69,0,17.58,38.51,51.45,42.81
220,1666.7,60.01,0,40.05,47.78,45.6
221,1502.58,0,164.12,37.19,56.09,39.87
222,1481.49,0,21.1,34.53,53.59,39.19
223,1860.39,378.91,0,59.13,49.76,54.3
224,1729.83,0,130.56,54.91,55.53,49.72
225,1645.24,0,84.6,50.99,57.61,46.95
226,1767.95,122.71,0,56.11,53.49,51.19
227,1663.8,0,104.15,52.1,57.11,47.71
228,1536.21,0,127.59,48.38,62.14,43.77
229,1703.47,167.26,0,56.87,57.71,49.64
230,1480.55,0,222.92,52.81,69.51,43.17
231,1536.82,56.26,0,53.06,64.54,45.12
232,1610.5,73.68,0,54.53,59.93,47.64
233,1728.37,117.88,0,59.05,55.65,51.48
234,1662.48,0,65.9,54.84,56.38,49.3
235,1759.18,96.7,0,57.83,52.36,52.48
236,2013.48,254.3,0,71.86,48.62,59.65
237,2024.18,10.7,0,67.49,45.14,59.92
238,1659.92,0,364.26,62.67,67.94,47.98
239,1718.65,58.73,0,62.39,63.08,49.72
240,1939.3,220.65,0,73.69,58.58,55.71
241,1733.17,0,206.13,68.43,69.12,49.75
242,1745.53,12.37,0,64.42,64.18,50.09
243,1877.2,131.67,0,69.23,59.6,53.74
244,1910.99,33.79,0,66.7,55.34,54.65
245,1789.14,0,121.85,61.93,60.09,50.75
246,1737.89,0,51.25,57.51,59.46,49.17
247,1666.99,0,70.89,53.4,60.28,46.98
248,1786.22,119.22,0,58.1,55.97,50.93
249,1730.51,0,55.7,53.95,55.95,49.09
250,1814.79,84.28,0,56.12,51.95,51.93
251,1806.29,0,8.5,52.11,48.85,51.61
252,1921.18,114.89,0,56.59,45.36,55.51
253,2060.79,139.6,0,62.52,42.12,59.75
254,2051.81,0,8.97,58.06,39.75,59.36
255,1967.94,0,83.87,53.91,42.9,55.68
256,2151.69,183.75,0,63.18,39.84,61.33
257,2169.96,18.26,0,59.98,36.99,61.85
258,2334.78,164.82,0,67.46,34.35,66.26
259,2206.92,0,127.85,62.65,41.03,60.42
260,2154.81,0,52.11,58.17,41.82,58.18
261,2121.2,0,33.61,54.02,41.24,56.71
262,2257.18,135.98,0,59.87,38.29,60.99
263,2307.44,50.26,0,59.18,35.56,62.47
264,2397.39,89.95,0,61.38,33.02,65.03
265,2390.18,0,7.21,57.0,31.17,64.65
266,2343.4,0,46.78,52.93,32.29,62.11
267,2331.72,0,11.68,49.15,30.81,61.46
268,2173.5,0,158.23,45.64,39.92,53.34
269,1943.71,0,229.79,42.38,53.48,44.21
270,2067.44,123.73,0,48.19,49.66,49.25
271,1879.54,0,187.9,44.74,59.53,42.91
272,1948.38,68.84,0,46.47,55.28,45.67
273,2092.57,144.19,0,53.45,51.33,51.01
274,1940.39,0,152.18,49.63,58.54,45.88
275,1961.66,21.27,0,47.6,54.35,46.69
276,2098.89,137.23,0,54.01,50.47,51.69
277,2060.24,0,38.65,50.15,49.63,50.26
278,1941.76,0,118.48,46.57,54.55,46.05
279,1892.11,0,49.66,43.24,54.2,44.38
280,1980.55,88.44,0,46.47,50.33,48.01
281,2033.11,52.57,0,46.9,46.73,50.09
282,1867.42,0,165.69,43.55,55.23,44.09
283,1909.35,41.93,0,43.44,51.28,45.86
284,1905.04,0,4.32,40.34,47.93,45.7
285,1829.04,0,76.0,37.45,49.93,42.86
286,1994.0,164.97,0,46.56,46.37,50.11
287,1958.36,0,35.64,43.24,45.6,48.67
288,1864.49,0,93.87,40.15,49.05,45.01
289,1888.98,24.49,0,39.03,45.54,46.15
290,1886.21,0,2.77,36.24,42.49,46.03
291,1906.64,20.44,0,35.11,39.45,47.09
292,2039.46,132.81,0,42.09,36.64,53.46
293,2173.89,134.43,0,48.69,34.02,58.87
294,2064.89,0,108.99,45.21,39.37,53.45
295,2290.01,225.12,0,58.06,36.56,61.36
296,2004.31,0,285.7,53.91,54.36,49.79
297,2055.98,51.67,0,53.75,50.48,51.57
298,2052.49,0,3.49,49.91,47.12,51.44
299,2207.43,154.94,0,57.42,43.75,56.75
300,2090.38,0,117.05,53.31,48.99,52.11
301,2255.18,164.8,0,61.28,45.49,57.39
302,2170.4,0,84.78,56.9,48.3,54.09
303,2463.88,293.48,0,73.8,44.85,62.2
304,2245.54,0,218.34,68.53,57.24,54.49
305,2200.3,0,45.23,63.63,56.38,53.02
306,2291.86,91.56,0,65.63,52.35,55.63
307,2282.97,0,8.89,60.94,49.25,55.3
308,2245.92,0,37.05,56.59,48.38,53.91
309,2329.55,83.63,0,58.52,44.92,56.57
310,2421.45,91.9,0,60.9,41.71,59.35
311,2618.9,197.45,0,70.66,38.73,64.59
312,2537.55,0,81.34,65.61,41.78,61.1
313,2485.65,0,51.91,60.92,42.5,58.91
314,2425.41,0,60.24,56.57,43.77,56.38
315,2226.74,0,198.67,52.53,54.83,48.93
316,2474.6,247.86,0,66.48,50.92,56.63
317,2578.24,103.64,0,69.14,47.28,59.39
318,2377.89,0,200.36,64.2,58.21,52.44
319,2407.87,29.98,0,61.75,54.06,53.32
320,2824.69,416.82,0,87.12,50.19,63.44
321,2532.9,0,291.79,80.89,67.45,54.53
322,2452.17,0,80.73,75.12,68.4,52.34
323,2598.78,146.61,0,80.22,63.51,55.81
324,2600.48,1.69,0,74.61,58.98,55.85
325,2367.46,0,233.02,69.28,71.41,49.24
326,2479.08,111.62,0,72.31,66.31,52.16
327,2473.16,0,5.92,67.14,61.99,51.99
328,2413.44,0,59.72,62.35,61.83,50.21
329,2454.18,40.74,0,60.8,57.42,51.43
330,2192.55,0,261.63,56.46,72.0,43.95
331,2365.37,172.82,0,64.77,66.86,49.21
332,2290.49,0,74.88,60.15,67.43,47.14
333,2196.47,0,94.02,55.85,69.33,44.62
334,2203.67,7.2,0,52.37,64.38,44.86
335,2478.08,274.41,0,68.23,59.78,53.3
336,2415.25,0,62.83,63.36,60.0,51.36
337,2331.2,0,84.05,58.83,61.72,48.8
338,2404.21,73.01,0,59.85,57.31,51.08
339,2251.25,0,152.96,55.57,64.14,46.42
340,2187.24,0,64.01,51.6,64.13,44.59
341,2005.73,0,181.51,47.92,72.52,39.79
342,1962.13,0,43.6,44.49,70.45,38.71
343,1797.68,0,164.45,41.32,77.16,34.87
344,1719.66,0,78.02,38.36,77.23,33.19
345,1657.2,0,62.46,35.62,76.17,31.87
346,1625.72,0,31.48,33.08,72.98,31.19
347,1514.07,0,111.64,30.72,75.74,28.85
348,1499.47,0,14.6,28.52,71.37,28.55
349,1563.15,63.68,0,31.03,66.27,31.89
350,1593.9,30.74,0,31.01,61.54,33.51
351,1767.57,173.67,0,41.2,57.15,41.9
352,1657.32,0,110.25,38.26,60.94,38.57
353,1706.27,48.95,0,39.02,56.59,40.82
354,1689.06,0,17.21,36.24,53.77,40.26
355,1805.32,116.27,0,41.95,49.93,45.66
356,1838.71,33.39,0,41.34,46.37,47.14
357,1956.97,118.26,0,46.84,43.05,52.1
358,2071.3,114.33,0,51.66,39.98,56.37
359,2327.16,255.86,0,66.24,37.12,64.09
360,2298.39,0,28.77,61.51,36.53,62.74
361,2122.13,0,176.26,57.12,46.51,55.12
362,2319.56,197.43,0,67.14,43.19,60.86
363,2362.27,42.72,0,65.4,40.1,61.99
364,2417.23,54.95,0,64.65,37.24,63.45
365,2425.07,7.84,0,60.59,34.58,63.67
366,2415.09,0,9.97,56.26,32.82,63.16
