16,71.17
17,73.47
18,76.26
19,77.74
20,74.4
40,74.97
56,76.67
57,75.46
58,77.8
59,78.45
123,29.8
132,29.24
133,28.97
150,74.69
151,74.52
152,75.41
153,73.95
154,73.97
155,82.03
156,84.69
157,87.21
158,88.47
159,76.51
160,80.1
161,70.74
172,75.07
173,78.07
259,70.02
279,70.82
280,72.83
283,77.48
284,77.12
285,72.33
286,79.81
287,80.67
288,82.59
289,78.13
290,78.73
291,79.64
292,74.46
293,73.79
304,70.56
305,71.71
342,70.95
343,72.41
344,74.73
345,73.17
350,74.0
369,29.84
416,71.21
417,72.96
418,75.39
419,70.79
425,70.23
429,77.03
430,81.99
431,86.81
432,78.69
433,78.83
434,78.86
435,86.73
436,84.02
437,88.17
438,89.88
439,84.36
440,82.05
441,75.09
442,75.6
462,73.82
463,77.31
464,71.61
465,72.4
466,80.7
467,80.8
468,80.92
469,84.38
470,81.64
508,27.63
593,29.18
594,28.37
595,26.34
596,25.37
597,23.83
598,23.6
599,18.65
600,20.48
601,18.96
602,15.52
603,28.0
604,29.13
605,25.71
606,22.7
607,22.48
608,26.56
609,24.49
630,71.82
631,70.89
731,74.61
732,74.88
733,70.24
734,71.82
736,71.14
808,28.76
822,71.66
946,27.96
947,27.87
976,70.18
977,78.18
978,78.35
979,81.68
980,76.61
981,80.4
982,80.97
