date,close,gain,loss,avg_gain,avg_loss,rsi
1,8.784857788418701e-05,0,0,0,0,0
2,0.00010011257510798537,1.2263997223798358e-05,0,0,0,0
3,9.51359076005776e-05,0,4.9766675074077745e-06,0,0,0
4,9.90267978679362e-05,3.890890267358604e-06,0,0,0,0
5,0.00010336166094208806,4.334863074151863e-06,0,0,0,0
6,0.00010613499106088113,2.773330118793069e-06,0,0,0,0
7,9.566859171190008e-05,0,1.0466399348981053e-05,0,0,0
8,9.487834201371263e-05,0,7.902496981874443e-07,0,0,0
9,8.322977423265626e-05,0,1.1648567781056377e-05,0,0,0
10,0.00010392864963608852,2.0698875403432263e-05,0,0,0,0
11,0.00010311576814062896,0,8.128814954595575e-07,0,0,0
12,0.00011753982091436121,1.4424052773732253e-05,0,0,0,0
13,0.00012182778951685791,4.287968602496693e-06,0,0,0,0
14,0.00012917285066246648,7.345061145608574e-06,0,0,0,0
15,0.0,0,0.0,0.0,0.0,65.78
16,0.0,0.0,0,0.0,0.0,71.17
17,0.0,0.0,0,0.0,0.0,73.47
18,0.0,0.0,0,0.0,0.0,76.26
19,0.0,0.0,0,0.0,0.0,77.74
20,0.0,0,0.0,0.0,0.0,74.4
21,0.0,0,0.0,0.0,0.0,60.23
22,0.0,0,0.0,0.0,0.0,54.36
23,0.0,0.0,0,0.0,0.0,57.89
24,0.0,0.0,0,0.0,0.0,61.31
25,0.0,0,0.0,0.0,0.0,56.11
26,0.0,0,0.0,0.0,0.0,50.86
27,0.0,0,0.0,0.0,0.0,49.82
28,0.0,0,0.0,0.0,0.0,47.32
29,0.0,0.0,0,0.0,0.0,49.31
30,0.0,0,0.0,0.0,0.0,47.24
31,0.0,0.0,0,0.0,0.0,48.41
32,0.0,0.0,0,0.0,0.0,57.46
33,0.0,0.0,0,0.0,0.0,59.38
34,0.0,0.0,0,0.0,0.0,60.46
35,0.0,0,0.0,0.0,0.0,58.96
36,0.0,0,0.0,0.0,0.0,55.77
37,0.0,0.0,0,0.0,0.0,59.77
38,0.0,0,0.0,0.0,0.0,56.87
39,0.0,0,0.0,0.0,0.0,55.13
40,0.0,0.0,0,0.0,0.0,74.97
41,0.0,0,0.0,0.0,0.0,62.46
42,0.0,0.0,0,0.0,0.0,63.86
43,0.0,0,0.0,0.0,0.0,60.43
44,0.0,0.0,0,0.0,0.0,65.27
45,0.0,0,0.0,0.0,0.0,61.86
46,0.0,0,0.0,0.0,0.0,61.22
47,0.0,0,0.0,0.0,0.0,56.96
48,0.0,0,0.0,0.0,0.0,52.18
49,0.0,0.0,0,0.0,0.0,53.18
50,0.0,0,0.0,0.0,0.0,52.03
51,0.0,0.0,0,0.0,0.0,52.25
52,0.0,0.0,0,0.0,0.0,56.99
53,0.0,0,0.0,0.0,0.0,53.12
54,0.0,0.0,0,0.0,0.0,60.57
55,0.0,0.0,0,0.0,0.0,68.31
56,0.0,0.0,0,0.0,0.0,76.67
57,0.0,0,0.0,0.0,0.0,75.46
58,0.0,0.0,0,0.0,0.0,77.8
59,0.0,0.0,0,0.0,0.0,78.45
60,0.0,0,0.0,0.0,0.0,64.33
61,0.0,0.0,0,0.0,0.0,66.38
62,0.0,0.0,0,0.0,0.0,69.35
63,0.0,0,0.0,0.0,0.0,62.78
64,0.0,0,0.0,0.0,0.0,58.4
65,0.0,0,0.0,0.0,0.0,55.21
66,0.0,0,0.0,0.0,0.0,50.18
67,0.0,0.0,0,0.0,0.0,52.25
68,0.0,0,0.0,0.0,0.0,50.01
69,0.0,0.0,0,0.0,0.0,54.24
70,0.0,0.0,0,0.0,0.0,55.84
71,0.0,0,0.0,0.0,0.0,54.25
72,0.0,0,0.0,0.0,0.0,49.68
73,0.0,0,0.0,0.0,0.0,46.29
74,0.0,0.0,0,0.0,0.0,49.75
75,0.0,0.0,0,0.0,0.0,50.3
76,0.0,0,0.0,0.0,0.0,49.39
77,0.0,0,0.0,0.0,0.0,49.09
78,0.0,0,0.0,0.0,0.0,47.66
79,0.0,0,0.0,0.0,0.0,46.11
80,0.0,0.0,0,0.0,0.0,47.77
81,0.0,0.0,0,0.0,0.0,49.71
82,0.0,0,0.0,0.0,0.0,48.33
83,0.0,0.0,0,0.0,0.0,49.25
84,0.0,0,0.0,0.0,0.0,46.95
85,0.0,0,0.0,0.0,0.0,45.58
86,0.0,0,0.0,0.0,0.0,43.32
87,0.0,0,0.0,0.0,0.0,41.36
88,0.0,0.0,0,0.0,0.0,41.77
89,0.0,0,0.0,0.0,0.0,38.82
90,0.0,0.0,0,0.0,0.0,47.53
91,0.0,0,0.0,0.0,0.0,45.56
92,0.0,0.0,0,0.0,0.0,47.34
93,0.0,0,0.0,0.0,0.0,41.08
94,0.0,0.0,0,0.0,0.0,43.11
95,0.0,0,0.0,0.0,0.0,38.49
96,0.0,0,0.0,0.0,0.0,36.25
97,0.0,0,0.0,0.0,0.0,34.32
98,0.0,0.0,0,0.0,0.0,44.43
99,0.0,0.0,0,0.0,0.0,44.91
100,0.0,0.0,0,0.0,0.0,45.28
101,0.0,0.0,0,0.0,0.0,50.48
102,0.0,0.0,0,0.0,0.0,52.47
103,0.0,0.0,0,0.0,0.0,55.31
104,0.0,0,0.0,0.0,0.0,50.55
105,0.0,0.0,0,0.0,0.0,54.77
106,0.0,0.0,0,0.0,0.0,57.24
107,0.0,0,0.0,0.0,0.0,51.75
108,0.0,0,0.0,0.0,0.0,48.11
109,0.0,0,0.0,0.0,0.0,47.45
110,0.0,0.0,0,0.0,0.0,48.25
111,0.0,0,0.0,0.0,0.0,46.3
112,0.0,0,0.0,0.0,0.0,45.79
113,0.0,0,0.0,0.0,0.0,42.4
114,0.0,0,0.0,0.0,0.0,40.34
115,0.0,0.0,0,0.0,0.0,44.29
116,0.0,0,0.0,0.0,0.0,39.4
117,0.0,0,0.0,0.0,0.0,36.85
118,0.0,0.0,0,0.0,0.0,37.07
119,0.0,0,0.0,0.0,0.0,36.11
120,0.0,0,0.0,0.0,0.0,34.71
121,0.0,0,0.0,0.0,0.0,32.5
122,0.0,0,0.0,0.0,0.0,31.92
123,0.0,0,0.0,0.0,0.0,29.8
124,0.0,0.0,0,0.0,0.0,31.44
125,0.0,0,0.0,0.0,0.0,30.23
126,0.0,0.0,0,0.0,0.0,31.97
127,0.0,0.0,0,0.0,0.0,38.03
128,0.0,0,0.0,0.0,0.0,36.94
129,0.0,0.0,0,0.0,0.0,40.83
130,0.0,0,0.0,0.0,0.0,36.73
131,0.0,0,0.0,0.0,0.0,33.95
132,0.0,0,0.0,0.0,0.0,29.24
133,0.0,0,0.0,0.0,0.0,28.97
134,0.0,0.0,0,0.0,0.0,32.94
135,0.0,0,0.0,0.0,0.0,31.72
136,0.0,0.0,0,0.0,0.0,36.58
137,0.0,0.0,0,0.0,0.0,49.59
138,0.0,0.0,0,0.0,0.0,52.52
139,0.0,0,0.0,0.0,0.0,50.45
140,0.0,0.0,0,0.0,0.0,55.51
141,0.0,0,0.0,0.0,0.0,50.76
142,0.0,0.0,0,0.0,0.0,53.66
143,0.0,0.0,0,0.0,0.0,61.19
144,0.0,0.0,0,0.0,0.0,63.67
145,0.0,0,0.0,0.0,0.0,61.82
146,0.0,0,0.0,0.0,0.0,60.33
147,0.0,0.0,0,0.0,0.0,61.46
148,0.0,0.0,0,0.0,0.0,64.71
149,0.0,0.0,0,0.0,0.0,65.29
150,0.0,0.0,0,0.0,0.0,74.69
151,0.0,0,0.0,0.0,0.0,74.52
152,0.0,0.0,0,0.0,0.0,75.41
153,0.0,0,0.0,0.0,0.0,73.95
154,0.0,0.0,0,0.0,0.0,73.97
155,0.0,0.0,0,0.0,0.0,82.03
156,0.0,0.0,0,0.0,0.0,84.69
157,0.0,0.0,0,0.0,0.0,87.21
158,0.0,0.0,0,0.0,0.0,88.47
159,0.0,0,0.0,0.0,0.0,76.51
160,0.0,0.0,0,0.0,0.0,80.1
161,0.0,0,0.0,0.0,0.0,70.74
162,0.0,0,0.0,0.0,0.0,65.91
163,0.0,0.0,0,0.0,0.0,66.38
164,0.0,0,0.0,0.0,0.0,61.47
165,0.0,0.0,0,0.0,0.0,62.83
166,0.0,0.0,0,0.0,0.0,63.44
167,0.0,0,0.0,0.0,0.0,61.77
168,0.0,0.0,0,0.0,0.0,61.81
169,0.0,0.0,0,0.0,0.0,62.03
170,0.0,0.0,0,0.0,0.0,68.64
171,0.0,0.0,0,0.0,0.0,69.58
172,0.0,0.0,0,0.0,0.0,75.07
173,0.0,0.0,0,0.0,0.0,78.07
174,0.0,0,0.0,0.0,0.0,60.85
175,0.0,0,0.0,0.0,0.0,51.69
176,0.0,0,0.0,0.0,0.0,47.13
177,0.0,0.0,0,0.0,0.0,49.17
178,0.0,0,0.0,0.0,0.0,47.94
179,0.0,0.0,0,0.0,0.0,48.23
180,0.0,0.0,0,0.0,0.0,52.37
181,0.0,0,0.0,0.0,0.0,51.14
182,0.0,0,0.0,0.0,0.0,49.96
183,0.0,0,0.0,0.0,0.0,49.65
184,0.0,0,0.0,0.0,0.0,48.08
185,0.0,0.0,0,0.0,0.0,48.95
186,0.0,0.0,0,0.0,0.0,51.03
187,0.0,0,0.0,0.0,0.0,50.26
188,0.0,0.0,0,0.0,0.0,56.9
189,0.0,0.0,0,0.0,0.0,60.08
190,0.0,0,0.0,0.0,0.0,55.22
191,0.0,0.0,0,0.0,0.0,57.66
192,0.0,0.0,0,0.0,0.0,59.61
193,0.0,0.0,0,0.0,0.0,66.35
194,0.0,0.0,0,0.0,0.0,68.5
195,0.0,0.0,0,0.0,0.0,69.78
196,0.0,0,0.0,0.0,0.0,66.9
197,0.0,0,0.0,0.0,0.0,61.58
198,0.0,0,0.0,0.0,0.0,60.93
199,0.0,0,0.0,0.0,0.0,57.87
200,0.0,0,0.0,0.0,0.0,57.24
201,0.0,0.0,0,0.0,0.0,57.46
202,0.0,0,0.0,0.0,0.0,51.44
203,0.0,0.0,0,0.0,0.0,55.31
204,0.0,0,0.0,0.0,0.0,50.1
205,0.0,0,0.0,0.0,0.0,49.12
206,0.0,0,0.0,0.0,0.0,47.62
207,0.0,0,0.0,0.0,0.0,40.1
208,0.0,0.0,0,0.0,0.0,44.45
209,0.0,0,0.0,0.0,0.0,43.22
210,0.0,0,0.0,0.0,0.0,40.59
211,0.0,0,0.0,0.0,0.0,39.06
212,0.0,0,0.0,0.0,0.0,36.85
213,0.0,0.0,0,0.0,0.0,39.68
214,0.0,0,0.0,0.0,0.0,36.26
215,0.0,0,0.0,0.0,0.0,33.06
216,0.0,0.0,0,0.0,0.0,35.17
217,0.0,0,0.0,0.0,0.0,33.79
218,0.0,0.0,0,0.0,0.0,34.72
219,0.0,0.0,0,0.0,0.0,41.14
220,0.0,0.0,0,0.0,0.0,56.18
221,0.0,0,0.0,0.0,0.0,51.18
222,0.0,0,0.0,0.0,0.0,47.2
223,0.0,0,0.0,0.0,0.0,44.37
224,0.0,0,0.0,0.0,0.0,42.88
225,0.0,0.0,0,0.0,0.0,47.82
226,0.0,0,0.0,0.0,0.0,45.24
227,0.0,0,0.0,0.0,0.0,37.54
228,0.0,0,0.0,0.0,0.0,35.49
229,0.0,0,0.0,0.0,0.0,33.88
230,0.0,0.0,0,0.0,0.0,41.81
231,0.0,0,0.0,0.0,0.0,39.44
232,0.0,0,0.0,0.0,0.0,38.57
233,0.0,0,0.0,0.0,0.0,37.63
234,0.0,0,0.0,0.0,0.0,37.28
235,0.0,0,0.0,0.0,0.0,35.03
236,0.0,0.0,0,0.0,0.0,40.64
237,0.0,0.0,0,0.0,0.0,41.76
238,0.0,0,0.0,0.0,0.0,40.66
239,0.0,0.0,0,0.0,0.0,40.8
240,0.0,0,0.0,0.0,0.0,38.37
241,0.0,0,0.0,0.0,0.0,35.67
242,0.0,0.0,0,0.0,0.0,39.67
243,0.0,0,0.0,0.0,0.0,38.99
244,0.0,0,0.0,0.0,0.0,37.84
245,0.0,0.0,0,0.0,0.0,39.09
246,0.0,0,0.0,0.0,0.0,36.81
247,0.0,0.0,0,0.0,0.0,41.53
248,0.0,0.0,0,0.0,0.0,48.5
249,0.0,0.0,0,0.0,0.0,56.09
250,0.0,0.0,0,0.0,0.0,59.23
251,0.0,0,0.0,0.0,0.0,55.5
252,0.0,0.0,0,0.0,0.0,61.34
253,0.0,0,0.0,0.0,0.0,54.31
254,0.0,0,0.0,0.0,0.0,52.43
255,0.0,0.0,0,0.0,0.0,53.36
256,0.0,0.0,0,0.0,0.0,53.95
257,0.0,0.0,0,0.0,0.0,60.23
258,0.0,0.0,0,0.0,0.0,68.28
259,0.0,0.0,0,0.0,0.0,70.02
260,0.0,0,0.0,0.0,0.0,63.27
261,0.0,0.0,0,0.0,0.0,67.71
262,0.0,0,0.0,0.0,0.0,63.04
263,0.0,0,0.0,0.0,0.0,62.37
264,0.0,0,0.0,0.0,0.0,55.25
265,0.0,0.0,0,0.0,0.0,56.77
266,0.0,0,0.0,0.0,0.0,55.28
267,0.0,0.0,0,0.0,0.0,57.79
268,0.0,0,0.0,0.0,0.0,54.02
269,0.0,0,0.0,0.0,0.0,48.71
270,0.0,0.0,0,0.0,0.0,55.94
271,0.0,0.0,0,0.0,0.0,59.3
272,0.0,0,0.0,0.0,0.0,57.25
273,0.0,0,0.0,0.0,0.0,57.02
274,0.0,0.0,0,0.0,0.0,57.31
275,0.0,0,0.0,0.0,0.0,53.56
276,0.0,0.0,0,0.0,0.0,54.09
277,0.0,0,0.0,0.0,0.0,52.42
278,0.0,0.0,0,0.0,0.0,52.78
279,0.0,0.0,0,0.0,0.0,70.82
280,0.0,0.0,0,0.0,0.0,72.83
281,0.0,0,0.0,0.0,0.0,65.37
282,0.0,0.0,0,0.0,0.0,68.52
283,0.0,0.0,0,0.0,0.0,77.48
284,0.0,0,0.0,0.0,0.0,77.12
285,0.0,0,0.0,0.0,0.0,72.33
286,0.0,0.0,0,0.0,0.0,79.81
287,0.0,0.0,0,0.0,0.0,80.67
288,0.0,0.0,0,0.0,0.0,82.59
289,0.0,0,0.0,0.0,0.0,78.13
290,0.0,0.0,0,0.0,0.0,78.73
291,0.0,0.0,0,0.0,0.0,79.64
292,0.0,0,0.0,0.0,0.0,74.46
293,0.0,0,0.0,0.0,0.0,73.79
294,0.0,0,0.0,0.0,0.0,65.23
295,0.0,0.0,0,0.0,0.0,65.9
296,0.0,0,0.0,0.0,0.0,56.9
297,0.0,0,0.0,0.0,0.0,47.65
298,0.0,0.0,0,0.0,0.0,56.63
299,0.0,0.0,0,0.0,0.0,64.28
300,0.0,0.0,0,0.0,0.0,68.81
301,0.0,0,0.0,0.0,0.0,67.57
302,0.0,0,0.0,0.0,0.0,60.73
303,0.0,0.0,0,0.0,0.0,64.27
304,0.0,0.0,0,0.0,0.0,70.56
305,0.0,0.0,0,0.0,0.0,71.71
306,0.0,0,0.0,0.0,0.0,67.68
307,0.0,0,0.0,0.0,0.0,66.2
308,0.0,0,0.0,0.0,0.0,59.8
309,0.0,0.0,0,0.0,0.0,62.16
310,0.0,0.0,0,0.0,0.0,63.61
311,0.0,0.0,0,0.0,0.0,64.22
312,0.0,0,0.0,0.0,0.0,55.24
313,0.0,0,0.0,0.0,0.0,38.57
314,0.0,0.0,0,0.0,0.0,47.86
315,0.0,0,0.0,0.0,0.0,43.97
316,0.0,0,0.0,0.0,0.0,41.69
317,0.0,0,0.0,0.0,0.0,37.69
318,0.0,0,0.0,0.0,0.0,37.13
319,0.0,0.0,0,0.0,0.0,39.03
320,0.0,0.0,0,0.0,0.0,39.57
321,0.0,0.0,0,0.0,0.0,39.57
322,0.0,0.0,0,0.0,0.0,40.77
323,0.0,0,0.0,0.0,0.0,36.64
324,0.0,0.0,0,0.0,0.0,38.73
325,0.0,0,0.0,0.0,0.0,37.94
326,0.0,0,0.0,0.0,0.0,36.97
327,0.0,0.0,0,0.0,0.0,37.49
328,0.0,0,0.0,0.0,0.0,36.36
329,0.0,0.0,0,0.0,0.0,39.03
330,0.0,0.0,0,0.0,0.0,39.04
331,0.0,0,0.0,0.0,0.0,37.55
332,0.0,0.0,0,0.0,0.0,43.24
333,0.0,0,0.0,0.0,0.0,40.98
334,0.0,0,0.0,0.0,0.0,39.84
335,0.0,0.0,0,0.0,0.0,41.06
336,0.0,0,0.0,0.0,0.0,40.1
337,0.0,0,0.0,0.0,0.0,39.26
338,0.0,0.0,0,0.0,0.0,44.1
339,0.0,0.0,0,0.0,0.0,53.93
340,0.0,0.0,0,0.0,0.0,65.41
341,0.0,0.0,0,0.0,0.0,69.24
342,0.0,0.0,0,0.0,0.0,70.95
343,0.0,0.0,0,0.0,0.0,72.41
344,0.0,0.0,0,0.0,0.0,74.73
345,0.0,0,0.0,0.0,0.0,73.17
346,0.0,0,0.0,0.0,0.0,66.65
347,0.0,0,0.0,0.0,0.0,66.18
348,0.0,0.0,0,0.0,0.0,69.08
349,0.0,0.0,0,0.0,0.0,69.44
350,0.0,0.0,0,0.0,0.0,74.0
351,0.0,0,0.0,0.0,0.0,68.34
352,0.0,0,0.0,0.0,0.0,66.71
353,0.0,0.0,0,0.0,0.0,67.23
354,0.0,0.0,0,0.0,0.0,69.44
355,0.0,0,0.0,0.0,0.0,63.22
356,0.0,0.0,0,0.0,0.0,63.97
357,0.0,0,0.0,0.0,0.0,63.2
358,0.0,0,0.0,0.0,0.0,56.4
359,0.0,0,0.0,0.0,0.0,50.79
360,0.0,0.0,0,0.0,0.0,52.4
361,0.0,0,0.0,0.0,0.0,45.03
362,0.0,0,0.0,0.0,0.0,41.53
363,0.0,0,0.0,0.0,0.0,40.63
364,0.0,0,0.0,0.0,0.0,40.52
365,0.0,0,0.0,0.0,0.0,38.59
366,0.0,0.0,0,0.0,0.0,39.99
367,0.0,0,0.0,0.0,0.0,37.0
368,0.0,0,0.0,0.0,0.0,32.78
369,0.0,0,0.0,0.0,0.0,29.84
370,0.0,0.0,0,0.0,0.0,34.18
371,0.0,0.0,0,0.0,0.0,46.15
372,0.0,0.0,0,0.0,0.0,49.04
373,0.0,0,0.0,0.0,0.0,45.36
374,0.0,0.0,0,0.0,0.0,46.6
375,0.0,0,0.0,0.0,0.0,42.56
376,0.0,0,0.0,0.0,0.0,38.65
377,0.0,0.0,0,0.0,0.0,40.1
378,0.0,0.0,0,0.0,0.0,43.2
379,0.0,0,0.0,0.0,0.0,40.52
380,0.0,0.0,0,0.0,0.0,43.65
381,0.0,0.0,0,0.0,0.0,45.08
382,0.0,0.0,0,0.0,0.0,52.85
383,0.0,0,0.0,0.0,0.0,51.41
384,0.0,0.0,0,0.0,0.0,54.53
385,0.0,0,0.0,0.0,0.0,52.76
386,0.0,0.0,0,0.0,0.0,55.1
387,0.0,0,0.0,0.0,0.0,54.65
388,0.0,0,0.0,0.0,0.0,54.61
389,0.0,0,0.0,0.0,0.0,49.0
390,0.0,0.0,0,0.0,0.0,49.59
391,0.0,0.0,0,0.0,0.0,49.6
392,0.0,0.0,0,0.0,0.0,53.37
393,0.0,0.0,0,0.0,0.0,56.01
394,0.0,0,0.0,0.0,0.0,53.56
395,0.0,0.0,0,0.0,0.0,63.63
396,0.0,0.0,0,0.0,0.0,64.71
397,0.0,0,0.0,0.0,0.0,60.45
398,0.0,0,0.0,0.0,0.0,58.72
399,0.0,0,0.0,0.0,0.0,57.0
400,0.0,0,0.0,0.0,0.0,54.96
401,0.0,0.0,0,0.0,0.0,59.05
402,0.0,0,0.0,0.0,0.0,57.87
403,0.0,0,0.0,0.0,0.0,54.46
404,0.0,0,0.0,0.0,0.0,44.16
405,0.0,0.0,0,0.0,0.0,47.09
406,0.0,0.0,0,0.0,0.0,48.51
407,0.0,0,0.0,0.0,0.0,43.74
408,0.0,0,0.0,0.0,0.0,41.66
409,0.0,0.0,0,0.0,0.0,45.77
410,0.0,0.0,0,0.0,0.0,52.44
411,0.0,0.0,0,0.0,0.0,53.99
412,0.0,0,0.0,0.0,0.0,52.04
413,0.0,0.0,0,0.0,0.0,54.81
414,0.0,0.0,0,0.0,0.0,56.38
415,0.0,0.0,0,0.0,0.0,61.25
416,0.0,0.0,0,0.0,0.0,71.21
417,0.0,0.0,0,0.0,0.0,72.96
418,0.0,0.0,0,0.0,0.0,75.39
419,0.0,0,0.0,0.0,0.0,70.79
420,0.0,0,0.0,0.0,0.0,61.08
421,0.0,0.0,0,0.0,0.0,62.94
422,0.0,0.0,0,0.0,0.0,64.16
423,0.0,0,0.0,0.0,0.0,62.94
424,0.0,0.0,0,0.0,0.0,65.67
425,0.0,0.0,0,0.0,0.0,70.23
426,0.0,0,0.0,0.0,0.0,67.64
427,0.0,0.0,0,0.0,0.0,68.33
428,0.0,0,0.0,0.0,0.0,66.64
429,0.0,0.0,0,0.0,0.0,77.03
430,0.0,0.0,0,0.0,0.0,81.99
431,0.0,0.0,0,0.0,0.0,86.81
432,0.0,0,0.0,0.0,0.0,78.69
433,0.0,0.0,0,0.0,0.0,78.83
434,0.0,0.0,0,0.0,0.0,78.86
435,0.0,0.0,0,0.0,0.0,86.73
436,0.0,0,0.0,0.0,0.0,84.02
437,0.0,0.0,0,0.0,0.0,88.17
438,0.0,0.0,0,0.0,0.0,89.88
439,0.0,0,0.0,0.0,0.0,84.36
440,0.0,0,0.0,0.0,0.0,82.05
441,0.0,0,0.0,0.0,0.0,75.09
442,0.0,0.0,0,0.0,0.0,75.6
443,0.0,0,0.0,0.0,0.0,61.44
444,0.0,0,0.0,0.0,0.0,59.2
445,0.0,0.0,0,0.0,0.0,60.08
446,0.0,0.0,0,0.0,0.0,63.45
447,0.0,0,0.0,0.0,0.0,57.17
448,0.0,0.0,0,0.0,0.0,58.49
449,0.0,0,0.0,0.0,0.0,53.59
450,0.0,0,0.0,0.0,0.0,41.55
451,0.0,0.0,0,0.0,0.0,43.51
452,0.0,0,0.0,0.0,0.0,41.57
453,0.0,0.0,0,0.0,0.0,45.25
454,0.0,0.0,0,0.0,0.0,47.35
455,0.0,0.0,0,0.0,0.0,50.08
456,0.0,0.0,0,0.0,0.0,54.58
457,0.0,0.0,0,0.0,0.0,61.25
458,0.0,0.0,0,0.0,0.0,65.72
459,0.0,0,0.0,0.0,0.0,57.93
460,0.0,0.0,0,0.0,0.0,61.69
461,0.0,0,0.0,0.0,0.0,61.52
462,0.0,0.0,0,0.0,0.0,73.82
463,0.0,0.0,0,0.0,0.0,77.31
464,0.0,0,0.0,0.0,0.0,71.61
465,0.0,0.0,0,0.0,0.0,72.4
466,0.0,0.0,0,0.0,0.0,80.7
467,0.0,0.0,0,0.0,0.0,80.8
468,0.0,0.0,0,0.0,0.0,80.92
469,0.0,0.0,0,0.0,0.0,84.38
470,0.0,0,0.0,0.0,0.0,81.64
471,0.0,0,0.0,0.0,0.0,64.08
472,0.0,0,0.0,0.0,0.0,63.75
473,0.0,0.0,0,0.0,0.0,65.03
474,0.0,0,0.0,0.0,0.0,63.24
475,0.0,0,0.0,0.0,0.0,53.21
476,0.0,0.0,0,0.0,0.0,60.37
477,0.0,0,0.0,0.0,0.0,56.7
478,0.0,0,0.0,0.0,0.0,56.09
479,0.0,0,0.0,0.0,0.0,54.12
480,0.0,0.0,0,0.0,0.0,57.48
481,0.0,0,0.0,0.0,0.0,54.99
482,0.0,0.0,0,0.0,0.0,56.51
483,0.0,0.0,0,0.0,0.0,62.2
484,0.0,0,0.0,0.0,0.0,59.88
485,0.0,0,0.0,0.0,0.0,55.52
486,0.0,0.0,0,0.0,0.0,55.85
487,0.0,0,0.0,0.0,0.0,52.62
488,0.0,0,0.0,0.0,0.0,44.84
489,0.0,0.0,0,0.0,0.0,46.84
490,0.0,0,0.0,0.0,0.0,39.91
491,0.0,0.0,0,0.0,0.0,50.9
492,0.0,0,0.0,0.0,0.0,48.46
493,0.0,0,0.0,0.0,0.0,46.94
494,0.0,0.0,0,0.0,0.0,49.28
495,0.0,0.0,0,0.0,0.0,49.5
496,0.0,0,0.0,0.0,0.0,49.05
497,0.0,0.0,0,0.0,0.0,49.87
498,0.0,0,0.0,0.0,0.0,46.68
499,0.0,0,0.0,0.0,0.0,45.16
500,0.0,0,0.0,0.0,0.0,38.86
501,0.0,0,0.0,0.0,0.0,37.31
502,0.0,0.0,0,0.0,0.0,39.11
503,0.0,0,0.0,0.0,0.0,35.15
504,0.0,0,0.0,0.0,0.0,34.87
505,0.0,0,0.0,0.0,0.0,33.88
506,0.0,0,0.0,0.0,0.0,31.3
507,0.0,0,0.0,0.0,0.0,31.09
508,0.0,0,0.0,0.0,0.0,27.63
509,0.0,0.0,0,0.0,0.0,41.94
510,0.0,0.0,0,0.0,0.0,47.58
511,0.0,0,0.0,0.0,0.0,45.26
512,0.0,0.0,0,0.0,0.0,48.01
513,0.0,0,0.0,0.0,0.0,45.67
514,0.0,0,0.0,0.0,0.0,43.87
515,0.0,0,0.0,0.0,0.0,42.87
516,0.0,0,0.0,0.0,0.0,42.49
517,0.0,0,0.0,0.0,0.0,40.25
518,0.0,0.0,0,0.0,0.0,40.89
519,0.0,0.0,0,0.0,0.0,41.22
520,0.0,0.0,0,0.0,0.0,42.18
521,0.0,0,0.0,0.0,0.0,37.62
522,0.0,0.0,0,0.0,0.0,38.57
523,0.0,0.0,0,0.0,0.0,42.8
524,0.0,0.0,0,0.0,0.0,49.3
525,0.0,0,0.0,0.0,0.0,48.43
526,0.0,0.0,0,0.0,0.0,50.62
527,0.0,0.0,0,0.0,0.0,54.36
528,0.0,0,0.0,0.0,0.0,51.13
529,0.0,0,0.0,0.0,0.0,50.64
530,0.0,0,0.0,0.0,0.0,48.16
531,0.0,0.0,0,0.0,0.0,48.4
532,0.0,0.0,0,0.0,0.0,48.58
533,0.0,0.0,0,0.0,0.0,50.14
534,0.0,0,0.0,0.0,0.0,47.52
535,0.0,0,0.0,0.0,0.0,37.22
536,0.0,0.0,0,0.0,0.0,39.56
537,0.0,0.0,0,0.0,0.0,48.85
538,0.0,0.0,0,0.0,0.0,50.87
539,0.0,0.0,0,0.0,0.0,54.16
540,0.0,0,0.0,0.0,0.0,49.81
541,0.0,0,0.0,0.0,0.0,46.3
542,0.0,0,0.0,0.0,0.0,44.12
543,0.0,0,0.0,0.0,0.0,42.72
544,0.0,0,0.0,0.0,0.0,40.4
545,0.0,0,0.0,0.0,0.0,38.48
546,0.0,0,0.0,0.0,0.0,38.16
547,0.0,0.0,0,0.0,0.0,42.19
548,0.0,0,0.0,0.0,0.0,37.81
549,0.0,0,0.0,0.0,0.0,33.16
550,0.0,0,0.0,0.0,0.0,33.01
551,0.0,0,0.0,0.0,0.0,30.34
552,0.0,0.0,0,0.0,0.0,41.58
553,0.0,0.0,0,0.0,0.0,43.39
554,0.0,0.0,0,0.0,0.0,46.86
555,0.0,0,0.0,0.0,0.0,46.11
556,0.0,0.0,0,0.0,0.0,50.49
557,0.0,0,0.0,0.0,0.0,46.41
558,0.0,0,0.0,0.0,0.0,40.85
559,0.0,0.0,0,0.0,0.0,44.37
560,0.0,0,0.0,0.0,0.0,43.63
561,0.0,0,0.0,0.0,0.0,41.19
562,0.0,0,0.0,0.0,0.0,40.51
563,0.0,0,0.0,0.0,0.0,40.06
564,0.0,0.0,0,0.0,0.0,41.97
565,0.0,0.0,0,0.0,0.0,42.69
566,0.0,0,0.0,0.0,0.0,41.48
567,0.0,0.0,0,0.0,0.0,52.72
568,0.0,0,0.0,0.0,0.0,47.88
569,0.0,0.0,0,0.0,0.0,53.37
570,0.0,0,0.0,0.0,0.0,51.25
571,0.0,0,0.0,0.0,0.0,43.98
572,0.0,0,0.0,0.0,0.0,41.21
573,0.0,0,0.0,0.0,0.0,40.82
574,0.0,0.0,0,0.0,0.0,41.91
575,0.0,0,0.0,0.0,0.0,41.35
576,0.0,0,0.0,0.0,0.0,40.18
577,0.0,0,0.0,0.0,0.0,38.35
578,0.0,0.0,0,0.0,0.0,41.99
579,0.0,0,0.0,0.0,0.0,40.59
580,0.0,0,0.0,0.0,0.0,35.84
581,0.0,0.0,0,0.0,0.0,36.86
582,0.0,0.0,0,0.0,0.0,38.99
583,0.0,0,0.0,0.0,0.0,36.68
584,0.0,0,0.0,0.0,0.0,34.11
585,0.0,0.0,0,0.0,0.0,38.91
586,0.0,0,0.0,0.0,0.0,35.01
587,0.0,0,0.0,0.0,0.0,34.13
588,0.0,0.0,0,0.0,0.0,34.59
589,0.0,0.0,0,0.0,0.0,41.24
590,0.0,0,0.0,0.0,0.0,39.66
591,0.0,0,0.0,0.0,0.0,37.75
592,0.0,0,0.0,0.0,0.0,34.26
593,0.0,0,0.0,0.0,0.0,29.18
594,0.0,0,0.0,0.0,0.0,28.37
595,0.0,0,0.0,0.0,0.0,26.34
596,0.0,0,0.0,0.0,0.0,25.37
597,0.0,0,0.0,0.0,0.0,23.83
598,0.0,0,0.0,0.0,0.0,23.6
599,0.0,0,0.0,0.0,0.0,18.65
600,0.0,0.0,0,0.0,0.0,20.48
601,0.0,0,0.0,0.0,0.0,18.96
602,0.0,0,0.0,0.0,0.0,15.52
603,0.0,0.0,0,0.0,0.0,28.0
604,0.0,0.0,0,0.0,0.0,29.13
605,0.0,0,0.0,0.0,0.0,25.71
606,0.0,0,0.0,0.0,0.0,22.7
607,0.0,0,0.0,0.0,0.0,22.48
608,0.0,0.0,0,0.0,0.0,26.56
609,0.0,0,0.0,0.0,0.0,24.49
610,0.0,0.0,0,0.0,0.0,32.44
611,0.0,0.0,0,0.0,0.0,34.4
612,0.0,0.0,0,0.0,0.0,35.58
613,0.0,0.0,0,0.0,0.0,43.23
614,0.0,0,0.0,0.0,0.0,35.9
615,0.0,0,0.0,0.0,0.0,32.66
616,0.0,0.0,0,0.0,0.0,43.82
617,0.0,0,0.0,0.0,0.0,42.05
618,0.0,0,0.0,0.0,0.0,40.16
619,0.0,0.0,0,0.0,0.0,40.55
620,0.0,0.0,0,0.0,0.0,43.49
621,0.0,0.0,0,0.0,0.0,47.84
622,0.0,0.0,0,0.0,0.0,61.31
623,0.0,0.0,0,0.0,0.0,61.82
624,0.0,0.0,0,0.0,0.0,69.03
625,0.0,0,0.0,0.0,0.0,61.63
626,0.0,0,0.0,0.0,0.0,58.53
627,0.0,0.0,0,0.0,0.0,61.93
628,0.0,0,0.0,0.0,0.0,59.47
629,0.0,0.0,0,0.0,0.0,64.53
630,0.0,0.0,0,0.0,0.0,71.82
631,0.0,0,0.0,0.0,0.0,70.89
632,0.0,0,0.0,0.0,0.0,66.25
633,0.0,0,0.0,0.0,0.0,63.13
634,0.0,0,0.0,0.0,0.0,61.16
635,0.0,0.0,0,0.0,0.0,61.7
636,0.0,0,0.0,0.0,0.0,57.28
637,0.0,0.0,0,0.0,0.0,59.37
638,0.0,0,0.0,0.0,0.0,58.83
639,0.0,0,0.0,0.0,0.0,58.76
640,0.0,0,0.0,0.0,0.0,56.41
641,0.0,0.0,0,0.0,0.0,56.54
642,0.0,0,0.0,0.0,0.0,55.89
643,0.0,0.0,0,0.0,0.0,60.58
644,0.0,0,0.0,0.0,0.0,50.56
645,0.0,0,0.0,0.0,0.0,50.38
646,0.0,0,0.0,0.0,0.0,40.01
647,0.0,0.0,0,0.0,0.0,45.98
648,0.0,0.0,0,0.0,0.0,46.02
649,0.0,0,0.0,0.0,0.0,44.36
650,0.0,0.0,0,0.0,0.0,52.87
651,0.0,0.0,0,0.0,0.0,60.78
652,0.0,0,0.0,0.0,0.0,56.01
653,0.0,0,0.0,0.0,0.0,55.12
654,0.0,0,0.0,0.0,0.0,51.46
655,0.0,0,0.0,0.0,0.0,47.8
656,0.0,0.0,0,0.0,0.0,49.0
657,0.0,0,0.0,0.0,0.0,48.33
658,0.0,0,0.0,0.0,0.0,46.38
659,0.0,0,0.0,0.0,0.0,44.7
660,0.0,0,0.0,0.0,0.0,43.21
661,0.0,0,0.0,0.0,0.0,37.23
662,0.0,0.0,0,0.0,0.0,42.98
663,0.0,0,0.0,0.0,0.0,38.78
664,0.0,0.0,0,0.0,0.0,41.44
665,0.0,0.0,0,0.0,0.0,44.96
666,0.0,0,0.0,0.0,0.0,42.77
667,0.0,0.0,0,0.0,0.0,44.2
668,0.0,0.0,0,0.0,0.0,48.98
669,0.0,0.0,0,0.0,0.0,49.94
670,0.0,0,0.0,0.0,0.0,46.57
671,0.0,0,0.0,0.0,0.0,46.47
672,0.0,0.0,0,0.0,0.0,47.56
673,0.0,0,0.0,0.0,0.0,44.47
674,0.0,0.0,0,0.0,0.0,52.78
675,0.0,0,0.0,0.0,0.0,48.25
676,0.0,0,0.0,0.0,0.0,42.2
677,0.0,0,0.0,0.0,0.0,40.71
678,0.0,0,0.0,0.0,0.0,37.63
679,0.0,0,0.0,0.0,0.0,36.67
680,0.0,0.0,0,0.0,0.0,36.81
681,0.0,0.0,0,0.0,0.0,37.89
682,0.0,0.0,0,0.0,0.0,38.06
683,0.0,0.0,0,0.0,0.0,45.54
684,0.0,0,0.0,0.0,0.0,42.77
685,0.0,0.0,0,0.0,0.0,43.42
686,0.0,0,0.0,0.0,0.0,43.05
687,0.0,0,0.0,0.0,0.0,42.69
688,0.0,0,0.0,0.0,0.0,41.6
689,0.0,0,0.0,0.0,0.0,39.54
690,0.0,0,0.0,0.0,0.0,35.73
691,0.0,0.0,0,0.0,0.0,42.93
692,0.0,0.0,0,0.0,0.0,43.2
693,0.0,0,0.0,0.0,0.0,39.75
694,0.0,0,0.0,0.0,0.0,39.32
695,0.0,0.0,0,0.0,0.0,41.67
696,0.0,0,0.0,0.0,0.0,38.88
697,0.0,0.0,0,0.0,0.0,45.74
698,0.0,0.0,0,0.0,0.0,49.92
699,0.0,0.0,0,0.0,0.0,57.81
700,0.0,0,0.0,0.0,0.0,49.75
701,0.0,0.0,0,0.0,0.0,52.85
702,0.0,0.0,0,0.0,0.0,57.13
703,0.0,0.0,0,0.0,0.0,64.51
704,0.0,0,0.0,0.0,0.0,55.48
705,0.0,0.0,0,0.0,0.0,56.56
706,0.0,0,0.0,0.0,0.0,52.59
707,0.0,0,0.0,0.0,0.0,50.23
708,0.0,0.0,0,0.0,0.0,55.77
709,0.0,0,0.0,0.0,0.0,53.82
710,0.0,0.0,0,0.0,0.0,55.03
711,0.0,0.0,0,0.0,0.0,67.63
712,0.0,0.0,0,0.0,0.0,69.48
713,0.0,0.0,0,0.0,0.0,69.69
714,0.0,0,0.0,0.0,0.0,66.65
715,0.0,0.0,0,0.0,0.0,69.79
716,0.0,0,0.0,0.0,0.0,59.85
717,0.0,0.0,0,0.0,0.0,64.66
718,0.0,0,0.0,0.0,0.0,61.68
719,0.0,0.0,0,0.0,0.0,62.76
720,0.0,0.0,0,0.0,0.0,63.03
721,0.0,0,0.0,0.0,0.0,51.83
722,0.0,0.0,0,0.0,0.0,54.4
723,0.0,0.0,0,0.0,0.0,55.56
724,0.0,0.0,0,0.0,0.0,58.05
725,0.0,0,0.0,0.0,0.0,56.9
726,0.0,0.0,0,0.0,0.0,59.4
727,0.0,0,0.0,0.0,0.0,55.58
728,0.0,0.0,0,0.0,0.0,62.4
729,0.0,0,0.0,0.0,0.0,59.99
730,0.0,0.0,0,0.0,0.0,64.43
731,0.0,0.0,0,0.0,0.0,74.61
732,0.0,0.0,0,0.0,0.0,74.88
733,0.0,0,0.0,0.0,0.0,70.24
734,0.0,0.0,0,0.0,0.0,71.82
735,0.0,0,0.0,0.0,0.0,66.13
736,0.0,0.0,0,0.0,0.0,71.14
737,0.0,0,0.0,0.0,0.0,62.8
738,0.0,0.0,0,0.0,0.0,64.47
739,0.0,0,0.0,0.0,0.0,62.22
740,0.0,0.0,0,0.0,0.0,64.44
741,0.0,0.0,0,0.0,0.0,69.55
742,0.0,0,0.0,0.0,0.0,62.32
743,0.0,0,0.0,0.0,0.0,60.25
744,0.0,0,0.0,0.0,0.0,57.42
745,0.0,0.0,0,0.0,0.0,68.37
746,0.0,0,0.0,0.0,0.0,45.73
747,0.0,0.0,0,0.0,0.0,46.47
748,0.0,0,0.0,0.0,0.0,42.36
749,0.0,0,0.0,0.0,0.0,39.01
750,0.0,0,0.0,0.0,0.0,36.48
751,0.0,0.0,0,0.0,0.0,44.84
752,0.0,0.0,0,0.0,0.0,47.61
753,0.0,0.0,0,0.0,0.0,56.37
754,0.0,0,0.0,0.0,0.0,53.61
755,0.0,0,0.0,0.0,0.0,51.4
756,0.0,0,0.0,0.0,0.0,47.84
757,0.0,0.0,0,0.0,0.0,49.34
758,0.0,0.0,0,0.0,0.0,55.78
759,0.0,0,0.0,0.0,0.0,54.48
760,0.0,0,0.0,0.0,0.0,52.99
761,0.0,0.0,0,0.0,0.0,53.58
762,0.0,0,0.0,0.0,0.0,50.24
763,0.0,0,0.0,0.0,0.0,48.62
764,0.0,0.0,0,0.0,0.0,49.03
765,0.0,0,0.0,0.0,0.0,46.51
766,0.0,0,0.0,0.0,0.0,45.32
767,0.0,0,0.0,0.0,0.0,42.3
768,0.0,0,0.0,0.0,0.0,38.33
769,0.0,0,0.0,0.0,0.0,35.03
770,0.0,0.0,0,0.0,0.0,39.04
771,0.0,0,0.0,0.0,0.0,38.13
772,0.0,0.0,0,0.0,0.0,39.96
773,0.0,0,0.0,0.0,0.0,39.88
774,0.0,0,0.0,0.0,0.0,38.85
775,0.0,0.0,0,0.0,0.0,40.54
776,0.0,0,0.0,0.0,0.0,38.85
777,0.0,0,0.0,0.0,0.0,37.11
778,0.0,0.0,0,0.0,0.0,41.68
779,0.0,0,0.0,0.0,0.0,36.63
780,0.0,0,0.0,0.0,0.0,33.71
781,0.0,0.0,0,0.0,0.0,37.99
782,0.0,0.0,0,0.0,0.0,38.74
783,0.0,0,0.0,0.0,0.0,37.86
784,0.0,0,0.0,0.0,0.0,36.46
785,0.0,0.0,0,0.0,0.0,37.21
786,0.0,0.0,0,0.0,0.0,40.05
787,0.0,0,0.0,0.0,0.0,39.88
788,0.0,0.0,0,0.0,0.0,42.06
789,0.0,0,0.0,0.0,0.0,40.49
790,0.0,0,0.0,0.0,0.0,39.86
791,0.0,0,0.0,0.0,0.0,38.88
792,0.0,0.0,0,0.0,0.0,41.67
793,0.0,0,0.0,0.0,0.0,41.59
794,0.0,0.0,0,0.0,0.0,50.16
795,0.0,0,0.0,0.0,0.0,50.09
796,0.0,0,0.0,0.0,0.0,45.7
797,0.0,0,0.0,0.0,0.0,43.73
798,0.0,0,0.0,0.0,0.0,42.24
799,0.0,0,0.0,0.0,0.0,40.89
800,0.0,0,0.0,0.0,0.0,39.82
801,0.0,0,0.0,0.0,0.0,37.36
802,0.0,0,0.0,0.0,0.0,37.29
803,0.0,0,0.0,0.0,0.0,33.4
804,0.0,0,0.0,0.0,0.0,32.16
805,0.0,0.0,0,0.0,0.0,32.8
806,0.0,0.0,0,0.0,0.0,33.33
807,0.0,0,0.0,0.0,0.0,30.35
808,0.0,0,0.0,0.0,0.0,28.76
809,0.0,0.0,0,0.0,0.0,32.74
810,0.0,0.0,0,0.0,0.0,41.14
811,0.0,0,0.0,0.0,0.0,40.55
812,0.0,0,0.0,0.0,0.0,39.09
813,0.0,0,0.0,0.0,0.0,36.0
814,0.0,0.0,0,0.0,0.0,39.51
815,0.0,0.0,0,0.0,0.0,43.72
816,0.0,0,0.0,0.0,0.0,39.07
817,0.0,0.0,0,0.0,0.0,41.67
818,0.0,0.0,0,0.0,0.0,55.48
819,0.0,0.0,0,0.0,0.0,58.52
820,0.0,0.0,0,0.0,0.0,59.79
821,0.0,0.0,0,0.0,0.0,68.22
822,0.0,0.0,0,0.0,0.0,71.66
823,0.0,0,0.0,0.0,0.0,66.05
824,0.0,0,0.0,0.0,0.0,60.79
825,0.0,0,0.0,0.0,0.0,53.37
826,0.0,0,0.0,0.0,0.0,52.01
827,0.0,0,0.0,0.0,0.0,47.09
828,0.0,0,0.0,0.0,0.0,46.48
829,0.0,0.0,0,0.0,0.0,49.65
830,0.0,0.0,0,0.0,0.0,55.75
831,0.0,0,0.0,0.0,0.0,53.92
832,0.0,0.0,0,0.0,0.0,57.82
833,0.0,0,0.0,0.0,0.0,56.75
834,0.0,0.0,0,0.0,0.0,59.39
835,0.0,0.0,0,0.0,0.0,62.8
836,0.0,0,0.0,0.0,0.0,56.51
837,0.0,0,0.0,0.0,0.0,52.85
838,0.0,0.0,0,0.0,0.0,54.06
839,0.0,0.0,0,0.0,0.0,55.37
840,0.0,0,0.0,0.0,0.0,52.07
841,0.0,0,0.0,0.0,0.0,51.58
842,0.0,0.0,0,0.0,0.0,53.45
843,0.0,0,0.0,0.0,0.0,44.74
844,0.0,0.0,0,0.0,0.0,45.12
845,0.0,0,0.0,0.0,0.0,41.37
846,0.0,0.0,0,0.0,0.0,42.49
847,0.0,0,0.0,0.0,0.0,41.6
848,0.0,0.0,0,0.0,0.0,42.42
849,0.0,0.0,0,0.0,0.0,44.25
850,0.0,0.0,0,0.0,0.0,53.93
851,0.0,0.0,0,0.0,0.0,63.02
852,0.0,0.0,0,0.0,0.0,63.47
853,0.0,0.0,0,0.0,0.0,64.57
854,0.0,0,0.0,0.0,0.0,59.26
855,0.0,0.0,0,0.0,0.0,67.38
856,0.0,0.0,0,0.0,0.0,69.94
857,0.0,0,0.0,0.0,0.0,54.74
858,0.0,0,0.0,0.0,0.0,51.89
859,0.0,0.0,0,0.0,0.0,54.25
860,0.0,0,0.0,0.0,0.0,51.08
861,0.0,0.0,0,0.0,0.0,52.78
862,0.0,0.0,0,0.0,0.0,60.03
863,0.0,0,0.0,0.0,0.0,52.41
864,0.0,0.0,0,0.0,0.0,59.47
865,0.0,0,0.0,0.0,0.0,57.42
866,0.0,0,0.0,0.0,0.0,55.11
867,0.0,0,0.0,0.0,0.0,48.22
868,0.0,0.0,0,0.0,0.0,48.58
869,0.0,0,0.0,0.0,0.0,46.93
870,0.0,0,0.0,0.0,0.0,41.83
871,0.0,0,0.0,0.0,0.0,38.53
872,0.0,0.0,0,0.0,0.0,45.26
873,0.0,0.0,0,0.0,0.0,46.33
874,0.0,0,0.0,0.0,0.0,42.89
875,0.0,0.0,0,0.0,0.0,49.2
876,0.0,0,0.0,0.0,0.0,47.65
877,0.0,0,0.0,0.0,0.0,44.31
878,0.0,0,0.0,0.0,0.0,43.11
879,0.0,0.0,0,0.0,0.0,45.7
880,0.0,0,0.0,0.0,0.0,44.69
881,0.0,0.0,0,0.0,0.0,44.8
882,0.0,0.0,0,0.0,0.0,49.12
883,0.0,0.0,0,0.0,0.0,50.74
884,0.0,0,0.0,0.0,0.0,44.1
885,0.0,0,0.0,0.0,0.0,41.82
886,0.0,0,0.0,0.0,0.0,35.07
887,0.0,0.0,0,0.0,0.0,38.5
888,0.0,0,0.0,0.0,0.0,36.57
889,0.0,0.0,0,0.0,0.0,39.55
890,0.0,0,0.0,0.0,0.0,35.01
891,0.0,0,0.0,0.0,0.0,31.07
892,0.0,0,0.0,0.0,0.0,31.04
893,0.0,0.0,0,0.0,0.0,32.86
894,0.0,0.0,0,0.0,0.0,38.5
895,0.0,0,0.0,0.0,0.0,34.49
896,0.0,0.0,0,0.0,0.0,37.05
897,0.0,0,0.0,0.0,0.0,34.41
898,0.0,0,0.0,0.0,0.0,32.1
899,0.0,0,0.0,0.0,0.0,30.47
900,0.0,0.0,0,0.0,0.0,34.49
901,0.0,0.0,0,0.0,0.0,44.41
902,0.0,0.0,0,0.0,0.0,48.19
903,0.0,0.0,0,0.0,0.0,55.46
904,0.0,0,0.0,0.0,0.0,50.84
905,0.0,0.0,0,0.0,0.0,55.64
906,0.0,0.0,0,0.0,0.0,58.86
907,0.0,0,0.0,0.0,0.0,50.89
908,0.0,0.0,0,0.0,0.0,51.47
909,0.0,0.0,0,0.0,0.0,51.48
910,0.0,0,0.0,0.0,0.0,48.1
911,0.0,0.0,0,0.0,0.0,49.8
912,0.0,0.0,0,0.0,0.0,55.38
913,0.0,0,0.0,0.0,0.0,53.82
914,0.0,0,0.0,0.0,0.0,52.73
915,0.0,0,0.0,0.0,0.0,52.31
916,0.0,0.0,0,0.0,0.0,59.04
917,0.0,0,0.0,0.0,0.0,54.62
918,0.0,0,0.0,0.0,0.0,52.84
919,0.0,0,0.0,0.0,0.0,52.39
920,0.0,0,0.0,0.0,0.0,51.0
921,0.0,0.0,0,0.0,0.0,55.94
922,0.0,0.0,0,0.0,0.0,57.98
923,0.0,0,0.0,0.0,0.0,57.19
924,0.0,0,0.0,0.0,0.0,55.46
925,0.0,0,0.0,0.0,0.0,52.02
926,0.0,0,0.0,0.0,0.0,48.41
927,0.0,0,0.0,0.0,0.0,44.14
928,0.0,0,0.0,0.0,0.0,43.3
929,0.0,0,0.0,0.0,0.0,38.99
930,0.0,0.0,0,0.0,0.0,45.82
931,0.0,0,0.0,0.0,0.0,42.74
932,0.0,0.0,0,0.0,0.0,48.87
933,0.0,0,0.0,0.0,0.0,44.22
934,0.0,0,0.0,0.0,0.0,42.46
935,0.0,0,0.0,0.0,0.0,38.47
936,0.0,0,0.0,0.0,0.0,38.42
937,0.0,0,0.0,0.0,0.0,37.71
938,0.0,0,0.0,0.0,0.0,36.72
939,0.0,0,0.0,0.0,0.0,35.29
940,0.0,0,0.0,0.0,0.0,35.0
941,0.0,0.0,0,0.0,0.0,40.23
942,0.0,0,0.0,0.0,0.0,40.11
943,0.0,0,0.0,0.0,0.0,37.45
944,0.0,0,0.0,0.0,0.0,37.33
945,0.0,0,0.0,0.0,0.0,33.12
946,0.0,0,0.0,0.0,0.0,27.96
947,0.0,0,0.0,0.0,0.0,27.87
948,0.0,0.0,0,0.0,0.0,36.3
949,0.0,0.0,0,0.0,0.0,50.05
950,0.0,0,0.0,0.0,0.0,43.9
951,0.0,0,0.0,0.0,0.0,36.94
952,0.0,0.0,0,0.0,0.0,40.36
953,0.0,0.0,0,0.0,0.0,41.74
954,0.0,0,0.0,0.0,0.0,36.05
955,0.0,0.0,0,0.0,0.0,36.49
956,0.0,0.0,0,0.0,0.0,43.38
957,0.0,0,0.0,0.0,0.0,41.53
958,0.0,0.0,0,0.0,0.0,41.86
959,0.0,0.0,0,0.0,0.0,48.02
960,0.0,0,0.0,0.0,0.0,45.09
961,0.0,0,0.0,0.0,0.0,44.32
962,0.0,0,0.0,0.0,0.0,43.19
963,0.0,0.0,0,0.0,0.0,47.56
964,0.0,0.0,0,0.0,0.0,54.82
965,0.0,0,0.0,0.0,0.0,50.76
966,0.0,0.0,0,0.0,0.0,54.79
967,0.0,0.0,0,0.0,0.0,58.32
968,0.0,0.0,0,0.0,0.0,58.53
969,0.0,0,0.0,0.0,0.0,50.87
970,0.0,0,0.0,0.0,0.0,49.64
971,0.0,0,0.0,0.0,0.0,49.02
972,0.0,0.0,0,0.0,0.0,49.35
973,0.0,0.0,0,0.0,0.0,51.47
974,0.0,0.0,0,0.0,0.0,60.03
975,0.0,0.0,0,0.0,0.0,68.88
976,0.0,0.0,0,0.0,0.0,70.18
977,0.0,0.0,0,0.0,0.0,78.18
978,0.0,0.0,0,0.0,0.0,78.35
979,0.0,0.0,0,0.0,0.0,81.68
980,0.0,0,0.0,0.0,0.0,76.61
981,0.0,0.0,0,0.0,0.0,80.4
982,0.0,0.0,0,0.0,0.0,80.97
983,0.0,0,0.0,0.0,0.0,69.95
984,0.0,0,0.0,0.0,0.0,66.14
985,0.0,0,0.0,0.0,0.0,60.33
986,0.0,0.0,0,0.0,0.0,62.0
987,0.0,0,0.0,0.0,0.0,59.44
988,0.0,0.0,0,0.0,0.0,60.78
989,0.0,0,0.0,0.0,0.0,54.49
990,0.0,0,0.0,0.0,0.0,50.21
991,0.0,0,0.0,0.0,0.0,46.03
992,0.0,0,0.0,0.0,0.0,42.23
993,0.0,0,0.0,0.0,0.0,39.84
994,0.0,0,0.0,0.0,0.0,36.06
995,0.0,0.0,0,0.0,0.0,37.24
996,0.0,0,0.0,0.0,0.0,33.21
997,0.0,0,0.0,0.0,0.0,32.63
998,0.0,0,0.0,0.0,0.0,31.89
999,0.0,0,0.0,0.0,0.0,30.96
1000,0.0,0.0,0,0.0,0.0,36.29
1001,0.0,0.0,0,0.0,0.0,36.74
