date,close,gain,loss,avg_gain,avg_loss,rsi
1,0.0007596017206400942,0,0,0,0,0
2,0.0006857469191194394,0,7.38548015206548e-05,0,0,0
3,0.0006880947213056976,2.3478021862581577e-06,0,0,0,0
4,0.0006606180161794857,0,2.7476705126211888e-05,0,0,0
5,0.0006898911666992406,2.927315051975488e-05,0,0,0,0
6,0.0007093331263880834,1.944195968884286e-05,0,0,0,0
7,0.0007066385716696743,0,2.6945547184091447e-06,0,0,0
8,0.0006529796325087399,0,5.36589391609344e-05,0,0,0
9,0.000724151170737596,7.11715382288561e-05,0,0,0,0
10,0.0006596649559833626,0,6.448621475423338e-05,0,0,0
11,0.0006298405122399186,0,2.9824443743444026e-05,0,0,0
12,0.0006576493834024111,2.7808871162492556e-05,0,0,0,0
13,0.0005975019247229894,0,6.014745867942168e-05,0,0,0
14,0.0005724680720991991,0,2.50338526237903e-05,0,0,0
15,0.0,0.0,0,0.0,0.0,36.84
16,0.0,0.0,0,0.0,0.0,39.34
17,0.0,0.0,0,0.0,0.0,47.74
18,0.0,0,0.0,0.0,0.0,47.23
19,0.0,0,0.0,0.0,0.0,43.52
20,0.0,0,0.0,0.0,0.0,43.39
21,0.0,0,0.0,0.0,0.0,42.17
22,0.0,0,0.0,0.0,0.0,39.3
23,0.0,0.0,0,0.0,0.0,45.73
24,0.0,0,0.0,0.0,0.0,40.06
25,0.0,0,0.0,0.0,0.0,39.78
26,0.0,0,0.0,0.0,0.0,35.18
27,0.0,0,0.0,0.0,0.0,30.28
28,0.0,0.0,0,0.0,0.0,42.27
29,0.0,0,0.0,0.0,0.0,36.87
30,0.0,0.0,0,0.0,0.0,40.98
31,0.0,0.0,0,0.0,0.0,43.76
32,0.0,0,0.0,0.0,0.0,40.99
33,0.0,0.0,0,0.0,0.0,48.81
34,0.0,0,0.0,0.0,0.0,45.63
35,0.0,0.0,0,0.0,0.0,49.44
36,0.0,0,0.0,0.0,0.0,44.44
37,0.0,0.0,0,0.0,0.0,46.5
38,0.0,0.0,0,0.0,0.0,46.59
39,0.0,0.0,0,0.0,0.0,47.27
40,0.0,0.0,0,0.0,0.0,50.52
41,0.0,0,0.0,0.0,0.0,49.17
42,0.0,0,0.0,0.0,0.0,44.13
43,0.0,0,0.0,0.0,0.0,43.42
44,0.0,0,0.0,0.0,0.0,39.71
45,0.0,0.0,0,0.0,0.0,43.01
46,0.0,0,0.0,0.0,0.0,39.2
47,0.0,0,0.0,0.0,0.0,38.42
48,0.0,0.0,0,0.0,0.0,43.18
49,0.0,0.0,0,0.0,0.0,48.1
50,0.0,0,0.0,0.0,0.0,43.88
51,0.0,0.0,0,0.0,0.0,45.56
52,0.0,0,0.0,0.0,0.0,45.2
53,0.0,0,0.0,0.0,0.0,44.2
54,0.0,0,0.0,0.0,0.0,41.57
55,0.0,0.0,0,0.0,0.0,44.17
56,0.0,0,0.0,0.0,0.0,40.1
57,0.0,0.0,0,0.0,0.0,44.54
58,0.0,0.0,0,0.0,0.0,50.15
59,0.0,0,0.0,0.0,0.0,45.34
60,0.0,0,0.0,0.0,0.0,44.32
61,0.0,0.0,0,0.0,0.0,47.49
62,0.0,0,0.0,0.0,0.0,45.15
63,0.0,0.0,0,0.0,0.0,47.22
64,0.0,0.0,0,0.0,0.0,49.12
65,0.0,0.0,0,0.0,0.0,53.86
66,0.0,0,0.0,0.0,0.0,47.19
67,0.0,0.0,0,0.0,0.0,52.28
68,0.0,0.0,0,0.0,0.0,54.07
69,0.0,0.0,0,0.0,0.0,57.92
70,0.0,0,0.0,0.0,0.0,51.14
71,0.0,0.0,0,0.0,0.0,55.77
72,0.0,0,0.0,0.0,0.0,51.27
73,0.0,0.0,0,0.0,0.0,51.64
74,0.0,0.0,0,0.0,0.0,53.39
75,0.0,0,0.0,0.0,0.0,52.02
76,0.0,0.0,0,0.0,0.0,56.79
77,0.0,0.0,0,0.0,0.0,61.99
78,0.0,0.0,0,0.0,0.0,64.65
79,0.0,0,0.0,0.0,0.0,61.68
80,0.0,0,0.0,0.0,0.0,60.4
81,0.0,0,0.0,0.0,0.0,59.91
82,0.0,0,0.0,0.0,0.0,58.44
83,0.0,0.0,0,0.0,0.0,64.37
84,0.0,0,0.0,0.0,0.0,56.9
85,0.0,0.0,0,0.0,0.0,57.62
86,0.0,0.0,0,0.0,0.0,59.83
87,0.0,0,0.0,0.0,0.0,50.61
88,0.0,0.0,0,0.0,0.0,52.61
89,0.0,0.0,0,0.0,0.0,61.61
90,0.0,0,0.0,0.0,0.0,56.97
91,0.0,0,0.0,0.0,0.0,54.39
92,0.0,0.0,0,0.0,0.0,54.89
93,0.0,0.0,0,0.0,0.0,59.7
94,0.0,0,0.0,0.0,0.0,59.45
95,0.0,0,0.0,0.0,0.0,55.62
96,0.0,0.0,0,0.0,0.0,61.55
97,0.0,0.0,0,0.0,0.0,66.42
98,0.0,0.0,0,0.0,0.0,73.84
99,0.0,0,0.0,0.0,0.0,61.75
100,0.0,0.0,0,0.0,0.0,64.63
101,0.0,0,0.0,0.0,0.0,62.07
102,0.0,0.0,0,0.0,0.0,64.29
103,0.0,0,0.0,0.0,0.0,56.37
104,0.0,0.0,0,0.0,0.0,60.94
105,0.0,0,0.0,0.0,0.0,50.04
106,0.0,0.0,0,0.0,0.0,57.78
107,0.0,0.0,0,0.0,0.0,61.1
108,0.0,0,0.0,0.0,0.0,53.83
109,0.0,0.0,0,0.0,0.0,55.84
110,0.0,0,0.0,0.0,0.0,51.37
111,0.0,0.0,0,0.0,0.0,60.28
112,0.0,0,0.0,0.0,0.0,43.83
113,0.0,0.0,0,0.0,0.0,51.15
114,0.0,0,0.0,0.0,0.0,44.59
115,0.0,0,0.0,0.0,0.0,44.48
116,0.0,0,0.0,0.0,0.0,41.42
117,0.0,0.0,0,0.0,0.0,50.2
118,0.0,0,0.0,0.0,0.0,48.71
119,0.0,0.0,0,0.0,0.0,55.04
120,0.0,0,0.0,0.0,0.0,51.8
121,0.0,0,0.0,0.0,0.0,48.95
122,0.0,0,0.0,0.0,0.0,48.37
123,0.0,0.0,0,0.0,0.0,50.86
124,0.0,0.0,0,0.0,0.0,55.46
125,0.0,0,0.0,0.0,0.0,52.37
126,0.0,0.0,0,0.0,0.0,53.03
127,0.0,0.0,0,0.0,0.0,53.78
128,0.0,0,0.0,0.0,0.0,48.36
129,0.0,0,0.0,0.0,0.0,48.1
130,0.0,0.0,0,0.0,0.0,50.04
131,0.0,0,0.0,0.0,0.0,46.02
132,0.0,0.0,0,0.0,0.0,47.91
133,0.0,0.0,0,0.0,0.0,50.01
134,0.0,0,0.0,0.0,0.0,43.16
135,0.0,0,0.0,0.0,0.0,41.71
136,0.0,0.0,0,0.0,0.0,41.96
137,0.0,0.0,0,0.0,0.0,46.25
138,0.0,0,0.0,0.0,0.0,45.28
139,0.0,0,0.0,0.0,0.0,43.86
140,0.0,0,0.0,0.0,0.0,41.85
141,0.0,0.0,0,0.0,0.0,44.71
142,0.0,0,0.0,0.0,0.0,41.88
143,0.0,0.0,0,0.0,0.0,42.76
144,0.0,0.0,0,0.0,0.0,45.73
145,0.0,0,0.0,0.0,0.0,39.06
146,0.0,0.0,0,0.0,0.0,41.96
147,0.0,0.0,0,0.0,0.0,44.65
148,0.0,0.0,0,0.0,0.0,44.73
149,0.0,0,0.0,0.0,0.0,40.71
150,0.0,0.0,0,0.0,0.0,43.09
151,0.0,0.0,0,0.0,0.0,46.7
152,0.0,0,0.0,0.0,0.0,44.88
153,0.0,0.0,0,0.0,0.0,46.66
154,0.0,0,0.0,0.0,0.0,45.01
155,0.0,0,0.0,0.0,0.0,43.37
156,0.0,0.0,0,0.0,0.0,45.54
157,0.0,0.0,0,0.0,0.0,45.63
158,0.0,0.0,0,0.0,0.0,46.73
159,0.0,0,0.0,0.0,0.0,43.75
160,0.0,0.0,0,0.0,0.0,50.56
161,0.0,0,0.0,0.0,0.0,49.79
162,0.0,0,0.0,0.0,0.0,46.37
163,0.0,0.0,0,0.0,0.0,48.8
164,0.0,0,0.0,0.0,0.0,45.87
165,0.0,0.0,0,0.0,0.0,46.59
166,0.0,0,0.0,0.0,0.0,43.47
167,0.0,0,0.0,0.0,0.0,42.81
168,0.0,0.0,0,0.0,0.0,44.42
169,0.0,0,0.0,0.0,0.0,40.05
170,0.0,0.0,0,0.0,0.0,40.73
171,0.0,0.0,0,0.0,0.0,42.22
172,0.0,0.0,0,0.0,0.0,42.79
173,0.0,0,0.0,0.0,0.0,38.65
174,0.0,0,0.0,0.0,0.0,37.66
175,0.0,0.0,0,0.0,0.0,47.52
176,0.0,0,0.0,0.0,0.0,45.75
177,0.0,0.0,0,0.0,0.0,47.68
178,0.0,0,0.0,0.0,0.0,46.18
179,0.0,0,0.0,0.0,0.0,45.15
180,0.0,0.0,0,0.0,0.0,48.0
181,0.0,0.0,0,0.0,0.0,49.77
182,0.0,0,0.0,0.0,0.0,45.0
183,0.0,0,0.0,0.0,0.0,44.26
184,0.0,0.0,0,0.0,0.0,56.06
185,0.0,0,0.0,0.0,0.0,53.74
186,0.0,0,0.0,0.0,0.0,51.21
187,0.0,0.0,0,0.0,0.0,59.41
188,0.0,0.0,0,0.0,0.0,61.73
189,0.0,0.0,0,0.0,0.0,63.57
190,0.0,0,0.0,0.0,0.0,59.08
191,0.0,0,0.0,0.0,0.0,55.65
192,0.0,0,0.0,0.0,0.0,54.09
193,0.0,0,0.0,0.0,0.0,45.68
194,0.0,0.0,0,0.0,0.0,51.03
195,0.0,0,0.0,0.0,0.0,47.78
196,0.0,0.0,0,0.0,0.0,52.83
197,0.0,0,0.0,0.0,0.0,49.81
198,0.0,0.0,0,0.0,0.0,58.63
199,0.0,0,0.0,0.0,0.0,51.76
200,0.0,0.0,0,0.0,0.0,53.98
201,0.0,0.0,0,0.0,0.0,54.78
202,0.0,0,0.0,0.0,0.0,50.89
203,0.0,0.0,0,0.0,0.0,52.1
204,0.0,0.0,0,0.0,0.0,54.74
205,0.0,0.0,0,0.0,0.0,56.46
206,0.0,0,0.0,0.0,0.0,49.94
207,0.0,0.0,0,0.0,0.0,50.59
208,0.0,0.0,0,0.0,0.0,51.54
209,0.0,0,0.0,0.0,0.0,44.19
210,0.0,0.0,0,0.0,0.0,48.58
211,0.0,0,0.0,0.0,0.0,42.91
212,0.0,0.0,0,0.0,0.0,48.76
213,0.0,0,0.0,0.0,0.0,45.72
214,0.0,0.0,0,0.0,0.0,46.23
215,0.0,0,0.0,0.0,0.0,44.53
216,0.0,0.0,0,0.0,0.0,51.9
217,0.0,0.0,0,0.0,0.0,58.36
218,0.0,0,0.0,0.0,0.0,56.93
219,0.0,0.0,0,0.0,0.0,57.67
220,0.0,0,0.0,0.0,0.0,54.32
221,0.0,0.0,0,0.0,0.0,61.38
222,0.0,0.0,0,0.0,0.0,62.29
223,0.0,0,0.0,0.0,0.0,45.56
224,0.0,0.0,0,0.0,0.0,49.84
225,0.0,0.0,0,0.0,0.0,52.77
226,0.0,0,0.0,0.0,0.0,48.45
227,0.0,0.0,0,0.0,0.0,52.0
228,0.0,0.0,0,0.0,0.0,56.55
229,0.0,0,0.0,0.0,0.0,50.01
230,0.0,0.0,0,0.0,0.0,57.36
231,0.0,0,0.0,0.0,0.0,54.93
232,0.0,0,0.0,0.0,0.0,52.07
233,0.0,0,0.0,0.0,0.0,48.22
234,0.0,0.0,0,0.0,0.0,50.36
235,0.0,0,0.0,0.0,0.0,47.32
236,0.0,0,0.0,0.0,0.0,41.48
237,0.0,0,0.0,0.0,0.0,41.28
238,0.0,0.0,0,0.0,0.0,51.68
239,0.0,0,0.0,0.0,0.0,49.87
240,0.0,0,0.0,0.0,0.0,44.49
241,0.0,0.0,0,0.0,0.0,49.89
242,0.0,0,0.0,0.0,0.0,49.54
243,0.0,0,0.0,0.0,0.0,46.15
244,0.0,0,0.0,0.0,0.0,45.37
245,0.0,0.0,0,0.0,0.0,48.9
246,0.0,0.0,0,0.0,0.0,50.5
247,0.0,0.0,0,0.0,0.0,52.85
248,0.0,0,0.0,0.0,0.0,48.77
249,0.0,0.0,0,0.0,0.0,50.62
250,0.0,0,0.0,0.0,0.0,47.85
251,0.0,0.0,0,0.0,0.0,48.14
252,0.0,0,0.0,0.0,0.0,44.66
253,0.0,0,0.0,0.0,0.0,41.25
254,0.0,0.0,0,0.0,0.0,41.54
255,0.0,0.0,0,0.0,0.0,44.43
256,0.0,0,0.0,0.0,0.0,39.98
257,0.0,0,0.0,0.0,0.0,39.59
258,0.0,0,0.0,0.0,0.0,36.45
259,0.0,0.0,0,0.0,0.0,40.34
260,0.0,0.0,0,0.0,0.0,42.03
261,0.0,0.0,0,0.0,0.0,43.19
262,0.0,0,0.0,0.0,0.0,39.87
263,0.0,0,0.0,0.0,0.0,38.78
264,0.0,0,0.0,0.0,0.0,36.94
265,0.0,0.0,0,0.0,0.0,37.19
266,0.0,0.0,0,0.0,0.0,38.91
267,0.0,0.0,0,0.0,0.0,39.36
268,0.0,0.0,0,0.0,0.0,45.74
269,0.0,0.0,0,0.0,0.0,54.68
270,0.0,0,0.0,0.0,0.0,49.69
271,0.0,0.0,0,0.0,0.0,56.42
272,0.0,0,0.0,0.0,0.0,53.42
273,0.0,0,0.0,0.0,0.0,48.24
274,0.0,0.0,0,0.0,0.0,53.4
275,0.0,0,0.0,0.0,0.0,52.56
276,0.0,0,0.0,0.0,0.0,47.73
277,0.0,0.0,0,0.0,0.0,49.08
278,0.0,0.0,0,0.0,0.0,53.38
279,0.0,0.0,0,0.0,0.0,55.24
280,0.0,0,0.0,0.0,0.0,51.39
281,0.0,0,0.0,0.0,0.0,49.34
282,0.0,0.0,0,0.0,0.0,55.7
283,0.0,0,0.0,0.0,0.0,53.74
284,0.0,0.0,0,0.0,0.0,53.92
285,0.0,0.0,0,0.0,0.0,57.14
286,0.0,0,0.0,0.0,0.0,49.42
287,0.0,0.0,0,0.0,0.0,50.86
288,0.0,0.0,0,0.0,0.0,54.78
289,0.0,0,0.0,0.0,0.0,53.53
290,0.0,0.0,0,0.0,0.0,53.66
291,0.0,0,0.0,0.0,0.0,52.53
292,0.0,0,0.0,0.0,0.0,46.25
293,0.0,0,0.0,0.0,0.0,41.5
294,0.0,0.0,0,0.0,0.0,46.26
295,0.0,0,0.0,0.0,0.0,39.48
296,0.0,0.0,0,0.0,0.0,49.83
297,0.0,0,0.0,0.0,0.0,48.05
298,0.0,0.0,0,0.0,0.0,48.18
299,0.0,0,0.0,0.0,0.0,43.29
300,0.0,0.0,0,0.0,0.0,47.54
301,0.0,0,0.0,0.0,0.0,42.78
302,0.0,0.0,0,0.0,0.0,45.69
303,0.0,0,0.0,0.0,0.0,38.95
304,0.0,0.0,0,0.0,0.0,45.21
305,0.0,0.0,0,0.0,0.0,46.57
306,0.0,0,0.0,0.0,0.0,44.22
307,0.0,0.0,0,0.0,0.0,44.5
308,0.0,0.0,0,0.0,0.0,45.76
309,0.0,0,0.0,0.0,0.0,43.41
310,0.0,0,0.0,0.0,0.0,41.09
311,0.0,0,0.0,0.0,0.0,37.03
312,0.0,0.0,0,0.0,0.0,39.56
313,0.0,0.0,0,0.0,0.0,41.27
314,0.0,0.0,0,0.0,0.0,43.36
315,0.0,0.0,0,0.0,0.0,50.38
316,0.0,0,0.0,0.0,0.0,43.31
317,0.0,0,0.0,0.0,0.0,41.07
318,0.0,0.0,0,0.0,0.0,47.01
319,0.0,0,0.0,0.0,0.0,46.21
320,0.0,0,0.0,0.0,0.0,38.02
321,0.0,0.0,0,0.0,0.0,45.0
322,0.0,0.0,0,0.0,0.0,47.05
323,0.0,0,0.0,0.0,0.0,43.93
324,0.0,0,0.0,0.0,0.0,43.9
325,0.0,0.0,0,0.0,0.0,50.19
326,0.0,0,0.0,0.0,0.0,47.32
327,0.0,0.0,0,0.0,0.0,47.49
328,0.0,0.0,0,0.0,0.0,49.25
329,0.0,0,0.0,0.0,0.0,48.06
330,0.0,0.0,0,0.0,0.0,56.17
331,0.0,0,0.0,0.0,0.0,50.36
332,0.0,0.0,0,0.0,0.0,52.55
333,0.0,0.0,0,0.0,0.0,55.42
334,0.0,0,0.0,0.0,0.0,55.13
335,0.0,0,0.0,0.0,0.0,46.43
336,0.0,0.0,0,0.0,0.0,48.27
337,0.0,0.0,0,0.0,0.0,50.85
338,0.0,0,0.0,0.0,0.0,48.57
339,0.0,0.0,0,0.0,0.0,53.44
340,0.0,0.0,0,0.0,0.0,55.53
341,0.0,0.0,0,0.0,0.0,61.45
342,0.0,0.0,0,0.0,0.0,62.87
343,0.0,0.0,0,0.0,0.0,68.2
344,0.0,0.0,0,0.0,0.0,70.66
345,0.0,0.0,0,0.0,0.0,72.63
346,0.0,0.0,0,0.0,0.0,73.65
347,0.0,0.0,0,0.0,0.0,77.2
348,0.0,0.0,0,0.0,0.0,77.66
349,0.0,0,0.0,0.0,0.0,71.14
350,0.0,0,0.0,0.0,0.0,68.33
351,0.0,0,0.0,0.0,0.0,56.37
352,0.0,0.0,0,0.0,0.0,60.87
353,0.0,0,0.0,0.0,0.0,57.91
354,0.0,0.0,0,0.0,0.0,58.66
355,0.0,0,0.0,0.0,0.0,52.28
356,0.0,0,0.0,0.0,0.0,50.71
357,0.0,0,0.0,0.0,0.0,45.87
358,0.0,0,0.0,0.0,0.0,42.16
359,0.0,0,0.0,0.0,0.0,36.21
360,0.0,0.0,0,0.0,0.0,37.18
361,0.0,0.0,0,0.0,0.0,43.39
362,0.0,0,0.0,0.0,0.0,38.8
363,0.0,0,0.0,0.0,0.0,37.96
364,0.0,0,0.0,0.0,0.0,36.9
365,0.0,0,0.0,0.0,0.0,36.75
366,0.0,0.0,0,0.0,0.0,37.11
