date,close,gain,loss,avg_gain,avg_loss,rsi
1,135.73071806117602,0,0,0,0,0
2,138.4172245542784,2.686506493102371,0,0,0,0
3,150.1296073850952,11.712382830816807,0,0,0,0
4,154.9683335728745,4.838726187779315,0,0,0,0
5,168.43641161782926,13.468078044954751,0,0,0,0
6,164.45367339250757,0,3.9827382253216967,0,0,0
7,174.6432237139899,10.18955032148233,0,0,0,0
8,174.48411742940226,0,0.15910628458763654,0,0,0
9,169.83293448784363,0,4.6511829415586305,0,0,0
10,168.49446607834764,0,1.338468409495988,0,0,0
11,160.15775705185777,0,8.33670902648987,0,0,0
12,159.62916604644582,0,0.528591005411954,0,0,0
13,163.6116982672366,3.982532220790773,0,0,0,0
14,171.63266711761457,8.020968850377983,0,0,0,0
15,171.45497268291123,0,0.18,3.92,1.37,74.11
16,153.2349240395248,0,18.22,3.64,2.57,58.59
17,156.54273541913577,3.31,0,3.62,2.39,60.22
18,173.82537345736802,17.28,0,4.59,2.22,67.43
19,166.02325840271436,0,7.8,4.27,2.62,61.97
20,160.15847899372991,0,5.86,3.96,2.85,58.16
21,163.8372563685358,3.68,0,3.94,2.65,59.83
22,151.0100155353908,0,12.83,3.66,3.37,52.03
23,174.1890345062621,23.18,0,5.05,3.13,61.73
24,152.20382636345795,0,21.99,4.69,4.48,51.16
25,151.26679152709406,0,0.94,4.36,4.23,50.77
26,147.65683622289419,0,3.61,4.05,4.18,49.17
27,150.01183280079186,2.35,0,3.93,3.88,50.27
28,149.99584000332638,0,0.02,3.64,3.61,50.26
29,138.40602282433622,0,11.59,3.38,4.18,44.76
30,112.63175758332706,0,25.77,3.14,5.72,35.46
31,87.33603764039721,0,25.3,2.92,7.12,29.08
32,105.18950859408534,17.85,0,3.99,6.61,37.61
33,95.5687066913151,0,9.62,3.7,6.82,35.16
34,71.24746761247572,0,24.32,3.44,8.07,29.85
35,74.53554568897255,3.29,0,3.43,7.5,31.36
36,64.87759874005143,0,9.66,3.18,7.65,29.36
37,64.99045812967196,0.11,0,2.96,7.11,29.42
38,73.05342710014176,8.06,0,3.33,6.6,33.52
39,74.32014959651787,1.27,0,3.18,6.13,34.16
40,78.36133217817695,4.04,0,3.24,5.69,36.29
41,75.19321611597404,0,3.17,3.01,5.51,35.33
42,74.70529833625507,0,0.49,2.79,5.15,35.17
43,83.3193778849174,8.61,0,3.21,4.78,40.16
44,81.50000172221134,0,1.82,2.98,4.57,39.47
45,73.27809397570638,0,8.22,2.77,4.83,36.42
46,74.04303041275445,0.76,0,2.62,4.49,36.91
47,75.26797974099064,1.22,0,2.52,4.17,37.73
48,78.89865162643201,3.63,0,2.6,3.87,40.23
49,76.06720296392989,0,2.83,2.42,3.79,38.92
50,81.59414624065198,5.53,0,2.64,3.52,42.83
51,85.92456080725348,4.33,0,2.76,3.27,45.76
52,83.94315035117447,0,1.98,2.56,3.18,44.64
53,79.01700576170883,0,4.93,2.38,3.3,41.87
54,76.46501495188468,0,2.55,2.21,3.25,40.47
55,69.21942671810038,0,7.25,2.05,3.54,36.73
56,65.42387890665096,0,3.8,1.91,3.55,34.9
57,66.98843071083745,1.56,0,1.88,3.3,36.31
58,71.99976251098273,5.01,0,2.1,3.06,40.72
59,72.1361606642096,0.14,0,1.96,2.85,40.84
60,72.06935652143964,0,0.07,1.82,2.65,40.79
61,74.56262381980122,2.49,0,1.87,2.46,43.23
62,72.13742519015527,0,2.43,1.74,2.46,41.44
63,74.92325386788549,2.79,0,1.81,2.28,44.29
64,74.30107074283161,0,0.62,1.68,2.16,43.78
65,74.00481738614377,0,0.3,1.56,2.03,43.52
66,70.00391293929235,0,4.0,1.45,2.17,40.09
67,70.63359067429852,0.63,0,1.39,2.01,40.88
68,64.64910143370764,0,5.98,1.29,2.3,36.01
69,62.649923927580886,0,2.0,1.2,2.28,34.53
70,67.21107770948011,4.56,0,1.44,2.11,40.53
71,59.68173066184844,0,7.53,1.34,2.5,34.85
72,52.64162928429837,0,7.04,1.24,2.83,30.55
73,47.95323122898094,0,4.69,1.15,2.96,28.06
74,45.4179250290994,0,2.54,1.07,2.93,26.79
75,45.73971225861641,0.32,0,1.02,2.72,27.24
76,52.51318830910554,6.77,0,1.43,2.52,36.14
77,55.36307265812608,2.85,0,1.53,2.34,39.5
78,58.83936250213288,3.48,0,1.67,2.18,43.4
79,66.46808057023787,7.63,0,2.1,2.02,50.89
80,63.48330193701942,0,2.98,1.95,2.09,48.21
81,73.08488780038181,9.6,0,2.49,1.94,56.22
82,73.98223066785171,0.9,0,2.38,1.8,56.89
83,82.07086905198098,8.09,0,2.79,1.67,62.47
84,77.08132223199556,0,4.99,2.59,1.91,57.52
85,60.10121294109904,0,16.98,2.4,2.99,44.58
86,51.03445977689018,0,9.07,2.23,3.42,39.47
87,49.920271795216735,0,1.11,2.07,3.26,38.88
88,45.212984377587134,0,4.71,1.92,3.36,36.41
89,44.592037031006555,0,0.62,1.79,3.16,36.08
90,49.01947866851079,4.43,0,1.97,2.94,40.19
91,47.93389623663378,0,1.09,1.83,2.81,39.52
92,47.59976273417653,0,0.33,1.7,2.63,39.3
93,47.55893780529292,0,0.04,1.58,2.44,39.28
94,47.991856956879815,0.43,0,1.5,2.27,39.77
95,47.90931516150329,0,0.08,1.39,2.11,39.71
96,51.6747841503906,3.77,0,1.56,1.96,44.31
97,46.98794560202473,0,4.69,1.45,2.16,40.2
98,46.93988520063094,0,0.05,1.35,2.01,40.16
99,48.62638148896703,1.69,0,1.37,1.86,42.38
100,48.61240566572913,0,0.01,1.27,1.73,42.37
101,48.759394585410895,0.15,0,1.19,1.61,42.59
