date,close,gain,loss,avg_gain,avg_loss,rsi
1,0.007367528988900538,0,0,0,0,0
2,0.007224534397508194,0,0.00014299459139234354,0,0,0
3,0.006660911311350566,0,0.000563623086157628,0,0,0
4,0.006452931234043023,0,0.00020798007730754315,0,0,0
5,0.005936958585112415,0,0.000515972648930608,0,0,0
6,0.006080739817913727,0.00014378123280131203,0,0,0,0
7,0.005725959351492974,0,0.00035478046642075343,0,0,0
8,0.005731180664077396,5.221312584422454e-06,0,0,0,0
9,0.005888139441361289,0.00015695877728389308,0,0,0,0
10,0.005934913016876255,4.67735755149655e-05,0,0,0,0
11,0.006243843685174787,0.00030893066829853263,0,0,0,0
12,0.006264519352992418,2.067566781763057e-05,0,0,0,0
13,0.006112032394936952,0,0.00015248695805546598,0,0,0
14,0.005826396669083578,0,0.00028563572585337416,0,0,0
15,0.01,0.0,0,0.0,0.0,23.64
16,0.01,0.0,0,0.0,0.0,39.23
17,0.01,0,0.0,0.0,0.0,37.58
18,0.01,0,0.0,0.0,0.0,31.12
19,0.01,0.0,0,0.0,0.0,36.15
20,0.01,0.0,0,0.0,0.0,40.01
21,0.01,0,0.0,0.0,0.0,38.42
22,0.01,0.0,0,0.0,0.0,46.82
23,0.01,0,0.0,0.0,0.0,37.47
24,0.01,0.0,0,0.0,0.0,48.0
25,0.01,0.0,0,0.0,0.0,48.45
26,0.01,0.0,0,0.0,0.0,50.33
27,0.01,0,0.0,0.0,0.0,49.06
28,0.01,0.0,0,0.0,0.0,49.07
29,0.01,0.0,0,0.0,0.0,55.83
30,0.01,0.0,0,0.0,0.0,68.96
31,0.01,0.0,0,0.0,0.0,79.27
32,0.01,0,0.0,0.0,0.0,62.4
33,0.01,0.0,0,0.0,0.0,66.21
34,0.01,0.0,0,0.0,0.0,76.0
35,0.01,0,0.0,0.0,0.0,72.1
36,0.02,0.0,0,0.0,0.0,76.32
37,0.02,0,0.0,0.0,0.0,76.15
38,0.01,0,0.0,0.0,0.0,66.29
39,0.01,0,0.0,0.0,0.0,65.04
40,0.01,0,0.0,0.0,0.0,61.35
41,0.01,0.0,0,0.0,0.0,63.1
42,0.01,0.0,0,0.0,0.0,63.38
43,0.01,0,0.0,0.0,0.0,55.89
44,0.01,0.0,0,0.0,0.0,56.95
45,0.01,0.0,0,0.0,0.0,62.01
46,0.01,0,0.0,0.0,0.0,61.22
47,0.01,0,0.0,0.0,0.0,59.93
48,0.01,0,0.0,0.0,0.0,56.38
49,0.01,0.0,0,0.0,0.0,58.43
50,0.01,0,0.0,0.0,0.0,53.34
51,0.01,0,0.0,0.0,0.0,50.08
52,0.01,0.0,0,0.0,0.0,51.5
53,0.01,0.0,0,0.0,0.0,55.21
54,0.01,0.0,0,0.0,0.0,57.21
55,0.01,0.0,0,0.0,0.0,62.98
56,0.02,0.0,0,0.0,0.0,66.01
57,0.01,0,0.0,0.0,0.0,63.62
58,0.01,0,0.0,0.0,0.0,57.15
59,0.01,0,0.0,0.0,0.0,56.99
60,0.01,0.0,0,0.0,0.0,57.06
61,0.01,0,0.0,0.0,0.0,54.01
62,0.01,0.0,0,0.0,0.0,56.44
63,0.01,0,0.0,0.0,0.0,52.99
64,0.01,0.0,0,0.0,0.0,53.65
65,0.01,0.0,0,0.0,0.0,53.99
66,0.01,0.0,0,0.0,0.0,58.63
67,0.01,0,0.0,0.0,0.0,57.6
68,0.02,0.0,0,0.0,0.0,64.52
69,0.02,0.0,0,0.0,0.0,66.72
70,0.01,0,0.0,0.0,0.0,58.18
71,0.02,0.0,0,0.0,0.0,66.24
72,0.02,0.0,0,0.0,0.0,72.95
73,0.02,0.0,0,0.0,0.0,77.02
74,0.02,0.0,0,0.0,0.0,79.14
75,0.02,0,0.0,0.0,0.0,78.11
76,0.02,0,0.0,0.0,0.0,62.2
77,0.02,0,0.0,0.0,0.0,57.79
78,0.02,0,0.0,0.0,0.0,53.36
79,0.02,0,0.0,0.0,0.0,46.36
80,0.02,0.0,0,0.0,0.0,48.97
81,0.01,0,0.0,0.0,0.0,42.45
82,0.01,0,0.0,0.0,0.0,41.97
83,0.01,0,0.0,0.0,0.0,38.22
84,0.01,0.0,0,0.0,0.0,41.55
85,0.02,0.0,0,0.0,0.0,53.98
86,0.02,0.0,0,0.0,0.0,61.15
87,0.02,0.0,0,0.0,0.0,62.09
88,0.02,0.0,0,0.0,0.0,66.29
89,0.02,0.0,0,0.0,0.0,66.87
90,0.02,0,0.0,0.0,0.0,59.57
91,0.02,0.0,0,0.0,0.0,60.63
92,0.02,0.0,0,0.0,0.0,60.98
93,0.02,0.0,0,0.0,0.0,61.02
94,0.02,0,0.0,0.0,0.0,60.22
95,0.02,0.0,0,0.0,0.0,60.33
96,0.02,0,0.0,0.0,0.0,53.8
97,0.02,0.0,0,0.0,0.0,59.75
98,0.02,0.0,0,0.0,0.0,59.82
99,0.02,0,0.0,0.0,0.0,56.59
100,0.02,0.0,0,0.0,0.0,56.61
101,0.02,0,0.0,0.0,0.0,56.31
